1.000002599859555863e+00
9.999940459832806772e-01
1.000014506148939830e+00
1.000020807998919903e+00
1.000009362612047648e+00
9.999860872308039550e-01
1.000070436392143547e+00
9.999930026653496284e-01
1.000017947495716264e+00
9.999501112107577194e-01
9.999886701797946476e-01
9.999828500480315574e-01
9.999783776390698264e-01
1.000078779134899509e+00
1.000001132917514468e+00
9.999975386630037821e-01
1.000046975111313685e+00
9.999170585301273562e-01
9.999772638074455600e-01
1.000005763096452283e+00
9.999817247280325949e-01
9.999830185878035849e-01
1.000027760892329365e+00
1.000048540081021287e+00
9.999960008266528533e-01
9.999767737626209518e-01
1.000047731366074277e+00
9.999445179653900784e-01
9.999172205989452777e-01
1.000040669498363677e+00
9.999343520464746282e-01
9.999452600503004884e-01
9.999515544583058579e-01
9.998921044004760450e-01
9.999778749853559523e-01
9.999634508752384132e-01
1.000029828094488149e+00
1.000033915073794244e+00
9.999859745786814358e-01
1.000004169455030789e+00
9.999796737325098439e-01
1.000002122721664444e+00
1.000053640101223884e+00
9.999807985777231512e-01
1.000005019095292047e+00
1.000019330916780191e+00
1.000059503953437900e+00
1.000021036942124963e+00
9.999791392684173053e-01
1.000058109629112790e+00
1.000028259439439848e+00
1.000096901026169105e+00
1.000026649685922475e+00
9.998926591931429630e-01
1.000053661516405068e+00
9.999584634745684042e-01
9.999749480989315042e-01
9.999612583001770139e-01
1.000014128615737796e+00
9.999901418339212089e-01
9.999078222740676036e-01
9.999473697670238082e-01
9.999452326032010063e-01
9.999890865388026961e-01
9.999730693058668241e-01
9.999812969194715739e-01
9.999975558423918054e-01
9.999809388680335198e-01
1.000114527654407226e+00
1.000068694496715427e+00
1.000041306047597889e+00
9.999575015011272772e-01
1.000038183454600160e+00
1.000023122583679314e+00
1.000002403902896519e+00
1.000115853133218602e+00
1.000086422705436018e+00
9.999777313220656882e-01
9.999882588694948282e-01
9.999651841470102998e-01
1.000020235609013097e+00
9.999633771517648650e-01
1.000030888179217037e+00
9.999874109924429266e-01
9.999331233240529304e-01
9.999932109999875030e-01
9.998957983685283768e-01
9.999791973529564837e-01
9.999966787118579337e-01
9.999890444292155456e-01
9.999914759997394764e-01
9.999909292915580838e-01
1.000052242232619459e+00
9.999400971114337233e-01
9.999939182836546925e-01
9.999890082576838868e-01
9.999846112193585546e-01
9.999302504261535773e-01
9.999702983968681291e-01
9.999986588389113695e-01
9.999810993083972921e-01
9.999076103907291735e-01
1.000034034468810562e+00
1.000105003851015972e+00
1.000018365053365610e+00
1.000115824086327709e+00
1.000051603109537224e+00
1.000091004537360551e+00
9.999849003941321257e-01
1.000015036961102721e+00
9.999687782478410281e-01
1.000014638054026683e+00
1.000017839429994115e+00
1.000019722312973425e+00
1.000024313937348808e+00
9.999817663764070108e-01
9.999998029486434348e-01
9.999810935956393587e-01
1.000032841110911619e+00
9.999367773698695228e-01
1.000018084447847455e+00
1.000014537959793781e+00
1.000036126431385508e+00
1.000041968966598693e+00
9.999236216852628312e-01
1.000004661790347305e+00
9.999793402289268718e-01
9.999584412111429677e-01
9.999989273096415721e-01
1.000028116576218151e+00
1.000003974801854545e+00
9.998808406540776739e-01
1.000007390955794273e+00
9.999880970362916566e-01
1.000026978566274982e+00
9.999779579678301777e-01
9.999679081609642584e-01
9.999977836033734357e-01
1.000044766644566430e+00
1.000023532836687101e+00
1.000037122057955363e+00
1.000015180064636855e+00
1.000051717849436139e+00
9.999369815930359007e-01
1.000017934274109122e+00
1.000015699305924155e+00
9.999657507893745523e-01
1.000073694481512288e+00
9.999986696261750074e-01
1.000047702139441608e+00
9.999716894676879964e-01
9.999863394961217011e-01
1.000036377695504353e+00
9.999674737620839471e-01
9.999017468399641340e-01
1.000042770551384352e+00
1.000056434101644687e+00
1.000014490915987597e+00
9.999799723785214312e-01
9.999701450186974094e-01
9.999955424046108599e-01
9.999744249685609265e-01
1.000030757067189580e+00
1.000002121368017027e+00
1.000029439282831945e+00
1.000034302459098523e+00
9.999756799633369164e-01
1.000024976582774228e+00
1.000076770290233785e+00
1.000078536392438711e+00
9.999399475055146258e-01
1.000052689248936533e+00
1.000082420629646585e+00
9.999757354185930813e-01
9.999784897439634168e-01
1.000088394748662513e+00
9.999947849162579283e-01
1.000039850719785628e+00
1.000036567029947587e+00
1.000025307253694873e+00
1.000078469518275615e+00
1.000066615961390015e+00
9.999812597746251530e-01
9.999804743378142291e-01
9.999748294381642921e-01
1.000013953856288218e+00
1.000056756490698806e+00
9.999938966816795949e-01
1.000025796254607968e+00
1.000014401323132684e+00
1.000028485822705093e+00
9.999797414156954556e-01
9.999923586482226678e-01
1.000005279699216487e+00
1.000116628837772081e+00
1.000005036073121856e+00
1.000039372873172683e+00
1.000045827529907339e+00
9.999360344710230830e-01
9.999592903147924705e-01
9.999629928286539737e-01
9.999668467173300490e-01
1.000000231815756369e+00
1.000026983066093722e+00
9.999817500158414418e-01
1.000012196778350404e+00
1.000018589890242948e+00
9.999454992753369353e-01
9.999621636274138581e-01
9.999790688443820352e-01
1.000023079836339202e+00
9.999248758961727379e-01
1.000080341922681582e+00
1.000090219788050794e+00
1.000061547393154893e+00
1.000052494293912630e+00
1.000034794940700911e+00
1.000023304083521580e+00
9.999957512133661464e-01
9.999992897545413317e-01
9.999926270865179267e-01
1.000033322099391109e+00
1.000001979227307158e+00
1.000028723393204810e+00
9.999547235140038293e-01
9.998800793853689362e-01
1.000043331858411211e+00
1.000009138423150201e+00
9.999121719273709186e-01
1.000004743720725120e+00
9.999883280728329993e-01
9.999734398936089841e-01
9.999740824037903764e-01
9.999857710540409617e-01
1.000029778434229133e+00
9.999423492971596383e-01
9.999943669115409772e-01
1.000084694450100287e+00
9.999778856642315139e-01
9.999496217053680525e-01
9.999066662796286531e-01
9.999693198464145727e-01
1.000025289763739611e+00
1.000007224408073103e+00
1.000082960498126505e+00
1.000061458063481901e+00
1.000026902899165959e+00
1.000008662041954155e+00
9.999027837282005171e-01
9.999717830188042944e-01
1.000014866490351206e+00
1.000052268606809625e+00
9.999373510105413754e-01
1.000078328870497968e+00
9.999448537279629345e-01
9.999939791520044974e-01
1.000143354985554289e+00
9.999223053146308882e-01
9.999052684925198164e-01
1.000072031826778618e+00
9.999736905586887881e-01
1.000042946745995698e+00
9.999444657589119378e-01
1.000131510893602194e+00
9.999896995321460036e-01
9.999905104134138023e-01
1.000057511632015839e+00
9.999972349521932813e-01
9.999766282597034595e-01
1.000016278162470185e+00
1.000092985463362449e+00
1.000019442986830986e+00
1.000002571551047215e+00
1.000046334625320998e+00
1.000012076465053523e+00
1.000095970840701565e+00
1.000013552900154146e+00
1.000048119839999972e+00
9.999568392790834093e-01
9.999901006584759333e-01
1.000039169358098778e+00
1.000010132442376021e+00
9.999988688046812513e-01
1.000062893316211232e+00
1.000002247717194148e+00
9.999559340735878488e-01
9.999637633733187148e-01
1.000052246849958193e+00
9.999983322558941845e-01
1.000038093877629652e+00
9.999760516597502313e-01
9.999610065725837993e-01
9.999917141990801728e-01
1.000023149212061924e+00
1.000034880649710356e+00
9.999681467210563834e-01
9.999105941208787929e-01
9.999913572706227161e-01
1.000059162751134600e+00
1.000014772842899413e+00
1.000012533778341872e+00
1.000005920032142059e+00
1.000092062227484702e+00
1.000072765418205112e+00
9.999258862696980277e-01
1.000043911434711941e+00
1.000071616437874900e+00
9.999432085241066748e-01
1.000063557593878327e+00
1.000060918701314305e+00
1.000039613348753242e+00
9.999365272290174911e-01
9.999892479664381773e-01
1.000007695010193043e+00
1.000007313243793661e+00
9.999518286454371907e-01
1.000011713770546207e+00
1.000029491381655644e+00
1.000040918124650346e+00
1.000014367051877739e+00
1.000054240254516058e+00
9.999849081935950901e-01
9.999328609254425348e-01
1.000004364039158933e+00
1.000079423159343506e+00
9.999679494011364245e-01
1.000033218625495213e+00
9.999874227908227553e-01
1.000004009057836818e+00
9.999672664780639986e-01
1.000001234320092580e+00
9.998945616289063310e-01
1.000061827669390224e+00
1.000162470096661815e+00
1.000081861951065187e+00
9.999999496152254252e-01
1.000043156100798081e+00
9.999878472449482691e-01
1.000011719546322952e+00
9.999714618303379154e-01
9.999307215167455576e-01
9.999484678286301165e-01
9.999845556025610538e-01
1.000038165659368206e+00
1.000007481051175651e+00
1.000026875580194430e+00
9.998856051576232584e-01
9.999730889371966081e-01
1.000059603957840437e+00
1.000016605698004213e+00
9.999362871530680374e-01
9.999597254953375147e-01
9.999998050031653207e-01
1.000027173676772962e+00
1.000010215819619797e+00
9.999435527253635048e-01
1.000077447171968226e+00
9.999512632753487784e-01
9.999037787356706009e-01
1.000035031893359294e+00
9.999762057127006276e-01
1.000085399869124370e+00
9.999939427738923081e-01
9.999987766664284461e-01
1.000058632686256388e+00
1.000018275492274400e+00
1.000079334132827791e+00
1.000060680137731195e+00
9.999805194790674090e-01
9.999175829972157814e-01
1.000074225275435547e+00
9.999949099158648158e-01
9.999697696874172426e-01
9.999787521906391419e-01
9.999711140566009959e-01
9.999931506681351001e-01
1.000042592903712002e+00
1.000059176686418194e+00
9.999868508969992353e-01
9.999574224727501015e-01
1.000009816587047018e+00
1.000079745659645303e+00
9.999765114085589213e-01
9.999432450230800740e-01
1.000090281027784300e+00
9.999367216401982006e-01
1.000003148747972359e+00
9.999295398986977057e-01
9.999877437391349044e-01
9.999629643010379265e-01
9.999971528949040955e-01
9.999642920453324368e-01
1.000032425025318528e+00
1.000007797053261704e+00
1.000108746543660221e+00
9.999438333551431413e-01
1.000075585383471743e+00
1.000011656689249406e+00
1.000028247335203790e+00
1.000019368050382385e+00
9.999444067057978724e-01
9.999518408320092755e-01
1.000125753501646342e+00
9.999676522878416796e-01
9.999923757973802063e-01
1.000028318309339470e+00
1.000018524218555527e+00
1.000022089235725442e+00
9.999928605783992008e-01
9.999414224462311873e-01
1.000034206655000535e+00
1.000008361163365889e+00
9.999268141217649841e-01
1.000042640571582320e+00
9.999683501312371936e-01
1.000009059295244196e+00
1.000028680698618722e+00
1.000057988265715680e+00
1.000070482851837195e+00
1.000050512323575003e+00
1.000091759079959619e+00
1.000112191673390383e+00
9.999804812178416658e-01
9.999932355229240732e-01
1.000059348148808036e+00
9.999984197785038997e-01
9.999202680602264914e-01
9.999847751457029421e-01
9.999405210852010395e-01
9.999813154904971801e-01
1.000029145341116532e+00
1.000001899897454249e+00
9.999712410061704082e-01
9.999978730030749663e-01
1.000121792812059152e+00
1.000041849104257530e+00
1.000032879098020411e+00
1.000021959580619235e+00
9.999536770758474802e-01
9.999568766572956013e-01
1.000083916449943988e+00
1.000023842322112833e+00
9.999848002238209688e-01
9.999864451881285143e-01
9.999968228228816036e-01
9.999727181551485433e-01
9.999730451161041866e-01
1.000002458032069219e+00
1.000091438815478018e+00
9.999616268893773974e-01
1.000024669879893136e+00
1.000041745592073594e+00
9.999642083224207223e-01
1.000121660111368715e+00
1.000048672542251937e+00
1.000158125754413430e+00
9.999887460413090512e-01
1.000015169630310563e+00
9.999844319323976105e-01
9.999574425363517705e-01
1.000057051059146884e+00
1.000018155193973080e+00
9.999852306359985343e-01
9.999346387099545819e-01
1.000013143111467606e+00
9.998524060672575597e-01
9.999279789918367189e-01
1.000010472459950117e+00
9.998987483129878617e-01
1.000104043879503912e+00
1.000038197887848090e+00
9.999446148584760774e-01
1.000037705173801861e+00
9.999443182537801622e-01
9.999677468999307317e-01
1.000040244183100224e+00
9.999467129577952473e-01
1.000040280284958616e+00
1.000002773172169679e+00
9.999385657191132148e-01
1.000026167121316201e+00
9.999802407361011447e-01
9.999446020382091183e-01
1.000036104769647105e+00
9.999452038804081955e-01
9.999698918951273052e-01
1.000005585516148043e+00
9.999919827196203093e-01
1.000008797083478118e+00
9.999863561390656130e-01
9.999875133199637167e-01
9.999898324855431841e-01
9.999079241563952891e-01
1.000076080538568890e+00
1.000000804121053744e+00
9.999105827903079780e-01
9.999720317161303607e-01
1.000013793652554384e+00
9.999211416422826293e-01
9.999941400994064589e-01
1.000079920610244866e+00
1.000005340772100793e+00
1.000007665709985005e+00
1.000005710487109623e+00
9.999571199852557157e-01
9.999024512298188005e-01
9.999220314207949434e-01
1.000062651058097885e+00
9.999807540245125859e-01
1.000006417420972848e+00
9.998998943148823537e-01
1.000015167541659089e+00
1.000053430186782943e+00
9.999305481910809590e-01
1.000076737334800736e+00
1.000065490244479438e+00
1.000022138303259478e+00
1.000004916331469262e+00
1.000041583487197627e+00
9.999644604153802296e-01
9.999045155138279739e-01
1.000056164803533987e+00
1.000036506947986403e+00
1.000000625758210582e+00
1.000002723906574298e+00
1.000026834334261761e+00
1.000059054293863214e+00
9.999720819437036834e-01
9.999988905643009129e-01
1.000058916432590150e+00
9.999808548025441723e-01
1.000010077741882775e+00
9.999807607832019718e-01
1.000018168735949731e+00
1.000044798242949007e+00
1.000045961277763684e+00
1.000043273494600093e+00
9.999992575229743608e-01
9.999056600816877971e-01
9.999190916619926650e-01
9.999624199655194889e-01
9.999732512542530705e-01
1.000028115131118556e+00
9.998702519664586230e-01
9.999416542322873136e-01
9.999656030280903440e-01
1.000068854669541318e+00
9.999546534604555337e-01
1.000090136563268839e+00
1.000049357712579523e+00
9.999913746392076197e-01
1.000005047918352430e+00
9.999952486019308973e-01
1.000030576608547994e+00
1.000015959119433751e+00
9.999443237456390188e-01
1.000087079993165595e+00
1.000004328315774682e+00
9.999806064681748818e-01
9.999705795858752078e-01
9.999824447969197783e-01
1.000047052509455359e+00
1.000085437016057011e+00
1.000038337704030500e+00
9.999586873363061068e-01
9.999703240748395450e-01
1.000014445328185619e+00
9.999762197865486035e-01
1.000045041603563556e+00
9.999750744484938725e-01
9.999937658238318150e-01
1.000069873798545839e+00
1.000039614171927216e+00
1.000098811406888721e+00
1.000001292321934132e+00
9.999609688667728813e-01
9.999727798586611760e-01
9.999570724437278901e-01
9.999766401832042018e-01
1.000082769570369789e+00
9.999732783872599118e-01
1.000052315229101429e+00
1.000004561049702145e+00
9.999630141342082945e-01
9.999802284283895171e-01
9.999495859351880123e-01
9.999460891182547773e-01
1.000035082112295637e+00
1.000035395779834912e+00
1.000028251771647891e+00
1.000082910663511182e+00
9.999816231777709508e-01
9.999770338055947727e-01
1.000068247311931335e+00
9.999692020351684807e-01
1.000043177765829849e+00
9.999948557644350311e-01
1.000024007918226765e+00
9.998733036056473011e-01
9.999854086807709042e-01
9.999842585501254044e-01
9.999563150529013900e-01
1.000021189556768109e+00
1.000074765279302502e+00
9.999845455046255660e-01
9.999954395704705457e-01
1.000053989553924660e+00
1.000046897092869091e+00
1.000009844059895903e+00
9.999975671266634336e-01
1.000053864943546200e+00
9.998925958748976495e-01
9.999994230620046221e-01
1.000077136317552906e+00
1.000013132347822964e+00
9.999096783075704931e-01
9.999302152605580307e-01
9.999883639685970271e-01
9.999503260841047236e-01
9.999891934324656173e-01
1.000016171273133470e+00
1.000023293389858070e+00
1.000034081125996455e+00
9.999950406514273027e-01
9.999928720984817554e-01
9.999793798747687035e-01
1.000025427917966114e+00
9.999985158006475805e-01
9.998844786939319329e-01
9.999830388334451925e-01
1.000021475329898601e+00
1.000003485677690707e+00
1.000043906702218433e+00
1.000026978481361351e+00
9.999738457612096232e-01
9.999225380925891304e-01
9.999902909067754919e-01
1.000008022052405909e+00
9.999653938996566627e-01
9.999397992069530838e-01
1.000069303000224119e+00
1.000086239982189040e+00
1.000018330582261861e+00
9.999456515592797246e-01
1.000015820393948651e+00
9.999547201754275250e-01
1.000049953230030209e+00
9.999110769296422063e-01
1.000143824282357041e+00
1.000068878946902329e+00
9.999778741266668325e-01
9.999957697818981917e-01
9.999946800257927260e-01
1.000076197981075721e+00
9.999788994374760875e-01
9.999626153909024762e-01
1.000010627277772013e+00
9.999718668230184182e-01
1.000019442600285524e+00
9.999369026378209790e-01
9.999803906065236614e-01
9.999894959643584880e-01
9.999910768595231536e-01
1.000003515723457914e+00
1.000004839987541416e+00
1.000033506537225225e+00
9.999813743575881597e-01
9.999474351986327170e-01
1.000005789358627384e+00
1.000067608890346182e+00
9.999461218882528257e-01
9.999862597549329379e-01
9.999883327599778937e-01
1.000139580960525132e+00
9.999177364739113560e-01
1.000007099510660247e+00
1.000015240987341958e+00
1.000015329966139621e+00
1.000082721050996382e+00
9.999875951994079415e-01
9.999650474024616154e-01
1.000016216111258904e+00
9.999906365596327174e-01
1.000009226241210802e+00
1.000006434277052714e+00
9.999655378261586014e-01
9.999540813285847651e-01
1.000042889377002364e+00
9.999692394810024698e-01
9.999521417808339141e-01
9.999998034883761378e-01
1.000001992380498139e+00
1.000058367848106755e+00
9.998691305684541675e-01
1.000000216257870944e+00
9.999304898421446097e-01
9.998961393355093596e-01
9.999849016398565382e-01
1.000033203473721155e+00
9.999669975342353467e-01
9.999698429492396290e-01
1.000039054897852164e+00
9.999332246944694358e-01
1.000040449413672539e+00
1.000010603261616282e+00
9.999926332056572331e-01
9.998741222900815462e-01
9.999379213542676226e-01
1.000094938716780346e+00
1.000037515248127118e+00
9.999942022660380792e-01
1.000087093983651698e+00
9.999328092707925331e-01
1.000010163030877752e+00
9.999547411527295315e-01
1.000043810052884785e+00
9.999710482684095458e-01
1.000031677961757071e+00
9.999960536664074251e-01
9.999654912663314965e-01
1.000051623206156481e+00
1.000110245482522142e+00
1.000016392287733868e+00
9.999248000582685592e-01
1.000030798645046515e+00
9.999628920530672094e-01
9.999435533512464058e-01
9.999821424748114307e-01
9.999562905006550428e-01
9.999022385883467035e-01
1.000038986667751706e+00
9.999933421629390029e-01
9.999724676170839155e-01
1.000036181885123998e+00
1.000081436615096298e+00
1.000089269479975673e+00
9.999593552342419533e-01
1.000048934408557910e+00
9.999852755715634700e-01
9.999728465316520820e-01
9.999839675450601373e-01
1.000019313600609694e+00
9.999993840055564354e-01
1.000006092730596707e+00
1.000004528618561039e+00
9.999190301690393801e-01
1.000042169210642262e+00
9.999659993071752240e-01
9.999836546602821619e-01
1.000027729584951786e+00
9.999967459374106138e-01
1.000004347442585262e+00
9.999656274390071875e-01
1.000013704318194252e+00
9.999536042793393253e-01
9.999912846569625202e-01
1.000082165589746719e+00
9.999987481488942231e-01
9.999636412664593133e-01
1.000024293186965396e+00
1.000059192167198185e+00
9.999798932596382084e-01
1.000037501376225713e+00
9.999623535205713898e-01
9.999869525302894635e-01
9.999839247998589808e-01
9.999983965079006776e-01
1.000036963313778005e+00
9.999811775737154074e-01
1.000081956934162353e+00
9.999925973073660046e-01
9.999951671571434275e-01
9.999936038140029293e-01
1.000036031459483166e+00
1.000066171938478465e+00
9.999786802879058190e-01
1.000004368559925583e+00
9.999224166659151924e-01
9.999474157899397309e-01
1.000058585261645705e+00
1.000048768253862574e+00
9.999860595580178924e-01
9.999807532908807639e-01
9.999732443238945612e-01
1.000003944069061346e+00
9.999764194862841293e-01
1.000062387700796807e+00
1.000046245157602431e+00
1.000028176335467922e+00
1.000027346250685234e+00
1.000000732051274044e+00
9.999345507251298226e-01
9.999322292674760471e-01
9.999964527389308966e-01
9.999629036756871869e-01
9.999725991999032226e-01
9.999954826624906090e-01
1.000022196300521138e+00
1.000050900737748050e+00
1.000031166578555508e+00
9.999350131990297763e-01
9.999773940344839351e-01
9.999844073592111249e-01
9.999759326187833697e-01
1.000010479774803951e+00
9.999858984335322498e-01
9.999843822808436311e-01
9.998706537180679366e-01
1.000054521102868188e+00
9.999708361500282416e-01
9.999165538124991093e-01
9.999943788504733755e-01
9.999850519019346518e-01
9.999091252060983148e-01
9.999799606718979827e-01
1.000067437698907824e+00
1.000066412045310216e+00
1.000027371724805381e+00
9.999623660477958698e-01
9.999771175749442298e-01
9.999662578279127079e-01
9.999826353099233733e-01
9.999566388843856846e-01
9.999833446840297180e-01
1.000071066115327145e+00
1.000092603280411385e+00
9.999988838968121296e-01
1.000080496537000041e+00
1.000011215717244273e+00
9.999723523344810072e-01
1.000075029162619034e+00
9.999861474623091828e-01
1.000027918165930618e+00
9.999462475252183236e-01
9.999961482351826803e-01
1.000013678959044805e+00
9.999751526027653714e-01
9.999464588033599721e-01
9.999340949566966064e-01
9.999073233820178208e-01
9.999975534269630595e-01
9.999188500720299633e-01
9.999776996226836800e-01
1.000011669342730780e+00
9.999126768264549048e-01
1.000024037964264423e+00
9.999491171606840201e-01
9.999640643017866370e-01
1.000055569774336295e+00
9.999214670920976156e-01
1.000079340063990685e+00
9.999427915975509507e-01
1.000029370272379925e+00
9.999864820126260767e-01
9.999565766695021063e-01
1.000012702429926570e+00
9.999742696787128349e-01
1.000029617924895309e+00
1.000038457429820893e+00
1.000056190989708993e+00
1.000002258457482140e+00
9.999389668155165278e-01
1.000021526842691300e+00
1.000087855700191097e+00
9.999619959834971095e-01
1.000087254971907091e+00
1.000059402099751971e+00
9.999630850211147504e-01
9.999676114415446682e-01
1.000038953252883056e+00
1.000049586041375393e+00
1.000016700636464639e+00
1.000054599197781169e+00
1.000031472584463232e+00
1.000052731853653620e+00
1.000066942150170002e+00
1.000018913374650209e+00
9.999922391498893282e-01
1.000004087556007892e+00
9.999805743931476920e-01
1.000003909910254674e+00
1.000028881708889816e+00
1.000022464249857412e+00
1.000043456831068545e+00
1.000095858654579173e+00
1.000020106443325396e+00
1.000067379952657598e+00
1.000063692782338975e+00
1.000006728665030709e+00
9.999589490162279493e-01
9.999940391172390530e-01
9.999904268293111631e-01
1.000046765378438840e+00
1.000027281181366856e+00
9.999500222417758710e-01
1.000017051479510588e+00
9.999956605506563623e-01
1.000103831562798140e+00
9.999805453356769291e-01
1.000070446322073758e+00
1.000003128312072054e+00
1.000002364554255729e+00
1.000019634646517552e+00
9.999822560228427415e-01
9.999462572748617495e-01
9.999670451645062963e-01
1.000038186281929642e+00
9.999432987783970495e-01
9.999917523482452220e-01
9.999934564672118276e-01
1.000033378141605311e+00
9.999219779516110851e-01
1.000059492793346383e+00
1.000032855079459715e+00
1.000024669915249298e+00
9.999562803655057674e-01
9.999897299999777056e-01
1.000033909008030353e+00
9.999234493327424644e-01
1.000007892400009535e+00
1.000090444051263905e+00
1.000031721257147010e+00
9.999982238413028801e-01
9.999922236983367352e-01
1.000013964984395987e+00
1.000000746274866348e+00
1.000118231575251038e+00
9.999393664418816385e-01
1.000056898025304397e+00
9.999796147926790502e-01
9.999766044263903586e-01
9.999856539129483579e-01
1.000001037636530254e+00
1.000073784178632463e+00
9.999818745972384182e-01
1.000065206443954580e+00
9.999468353987058800e-01
9.999355518056731729e-01
1.000020677120984969e+00
1.000048413673275238e+00
9.999333795790927848e-01
1.000066770288585261e+00
1.000019861013551559e+00
1.000109146739547539e+00
1.000077956945660151e+00
1.000009430361459284e+00
9.999568293825517040e-01
9.999683260081724256e-01
1.000055726332638617e+00
1.000013910515839433e+00
1.000048411226418965e+00
1.000105842037813719e+00
9.999630990089833915e-01
9.999465465706769418e-01
9.999919393694891578e-01
1.000086262534340742e+00
1.000009838740838486e+00
1.000118911490763374e+00
1.000047141946504681e+00
9.999342917855095214e-01
1.000052518031212312e+00
1.000081999673051891e+00
1.000052469264057997e+00
9.999824844830941251e-01
1.000004465662744702e+00
9.999416370583688041e-01
9.999463725950713533e-01
1.000040130597414700e+00
1.000015518588556196e+00
1.000010490628196358e+00
1.000085450725235026e+00
1.000001604311077319e+00
1.000046629013473076e+00
1.000046313872883896e+00
1.000033230080171753e+00
9.999815284246331704e-01
9.999628281434718158e-01
1.000001238456225572e+00
1.000023127013338176e+00
1.000055822812264461e+00
1.000081277773540833e+00
9.999703784918377858e-01
1.000090350147494922e+00
9.999822443603376687e-01
1.000009769008210814e+00
1.000003608592537896e+00
1.000084888163122132e+00
9.999771780467726634e-01
9.999871241093822860e-01
1.000086934407504069e+00
1.000023799812108649e+00
1.000101332851643487e+00
9.999979999721466672e-01
1.000012522915029844e+00
1.000081897859145696e+00
9.999841008013012900e-01
1.000053007742283340e+00
1.000016982071969762e+00
1.000020968929606457e+00
1.000042034765058485e+00
1.000081516116361868e+00
1.000005035559625499e+00
1.000019431286198524e+00
1.000043914625055264e+00
1.000105723567712435e+00
1.000110394771959399e+00
9.999969956398391258e-01
1.000004635827448363e+00
1.000166024203182014e+00
1.000007969799932672e+00
1.000095182891592049e+00
1.000037475344358384e+00
9.999597191763693882e-01
1.000020654137373954e+00
9.999470526278104732e-01
9.999546717503526860e-01
1.000087941421033300e+00
1.000024454192995238e+00
1.000012594771427787e+00
1.000143183757175924e+00
1.000039553207656695e+00
1.000011772937434706e+00
1.000039560037829123e+00
9.999415249336213174e-01
1.000068450070398685e+00
1.000008886818978926e+00
9.999840962722489346e-01
9.999472546868164446e-01
9.999496745214460081e-01
1.000021973010930543e+00
1.000071126088851514e+00
9.999780478000654949e-01
9.999505716616645667e-01
9.999068347286075298e-01
9.999897842482046162e-01
9.999450629586809081e-01
1.000136877277158609e+00
1.000027008214290358e+00
1.000041117534165025e+00
1.000009277206801661e+00
9.999693509814002734e-01
1.000097533289055152e+00
9.999792682649120135e-01
1.000000228407979197e+00
9.999930036135580291e-01
1.000076495495121565e+00
9.999871745552593172e-01
1.000012105820769603e+00
1.000078122189168806e+00
1.000055673847624949e+00
1.000020689307981714e+00
9.999183600179337716e-01
9.999310846027675836e-01
1.000012988005271941e+00
9.999177288113451079e-01
1.000021492568021309e+00
1.000028264383472365e+00
1.000051235200075439e+00
1.000038897421330786e+00
9.999698432565707895e-01
9.999223479338705811e-01
9.998711705366698510e-01
9.999604657828115029e-01
9.998872585026525872e-01
9.999524314724042018e-01
9.998541108737789562e-01
9.999542515817468891e-01
9.999143404750794328e-01
9.998960275713996149e-01
9.998507015981490387e-01
9.998081708222639197e-01
9.999096405839565938e-01
9.997351220049127685e-01
9.997927022493520166e-01
9.998521092707246538e-01
9.996132211926738176e-01
9.997534562318952656e-01
9.997669670099987860e-01
9.997564412110502285e-01
9.996960826603193961e-01
9.997739269516430216e-01
9.997206605478382579e-01
9.994704015880928605e-01
9.996754100510593100e-01
9.996036973719162333e-01
9.994475257711226135e-01
9.995578488964763642e-01
9.995668657969710713e-01
9.995752108607793840e-01
9.995585837647589234e-01
9.994703924722948551e-01
9.994886947684127332e-01
9.994277061330073542e-01
9.995479818470233146e-01
9.995189580075866109e-01
9.996679337195735204e-01
9.994708361493677140e-01
9.994805517720226629e-01
9.994674870272092226e-01
9.994693081601020435e-01
9.994679904021136485e-01
9.994875416769841703e-01
9.994043275021976536e-01
9.995074172855176187e-01
9.995147748960475642e-01
9.994826879019100829e-01
9.994417251802663049e-01
9.994011392094479529e-01
9.994958486028882039e-01
9.993704907994681585e-01
9.994262432827877296e-01
9.995051310351389384e-01
9.995120199155426155e-01
9.994683528335354117e-01
9.994848370882843946e-01
9.994621296658362519e-01
9.994970368599982447e-01
9.995000972422409813e-01
9.994255792925221815e-01
9.995044990163861609e-01
9.994464731632082266e-01
9.994106281570527273e-01
9.994036970660353791e-01
9.994123352927470894e-01
9.994611166603016850e-01
9.994867335259429719e-01
9.994906147018314257e-01
9.994840580728763246e-01
9.994477863921487071e-01
9.994278452479665731e-01
9.994647449371877324e-01
9.995116667276866540e-01
9.995368989230515311e-01
9.994815418831418663e-01
9.993975637261673928e-01
9.993659623415254156e-01
9.995600915268045839e-01
9.994667415421367718e-01
9.994506084530028200e-01
9.995114364065681434e-01
9.995255852251716533e-01
9.995336544671769019e-01
9.996317475560181354e-01
9.995606073858972485e-01
9.995370823277616168e-01
9.994521613161108098e-01
9.994696546206606191e-01
9.995641617235925258e-01
9.993900976560237126e-01
9.995605256519330961e-01
9.995448476693015172e-01
9.995435944340391732e-01
9.995821730141170036e-01
9.995926281814119241e-01
9.996463057176920852e-01
9.994751680536531069e-01
9.995898751246871106e-01
9.996727635824695923e-01
9.997074973389251662e-01
9.996758929092705026e-01
9.996809951750513790e-01
9.997846344828383858e-01
9.997453167506424876e-01
9.998362852340429985e-01
9.995819378785653075e-01
9.998677091252039517e-01
9.997544609881007238e-01
9.998543175201000111e-01
9.998560225069391683e-01
9.997694407396036098e-01
1.000025396250401100e+00
9.998983283125044697e-01
9.999434664994421018e-01
9.998221546036074603e-01
9.998414304865844704e-01
1.000006744625082433e+00
9.999894035785148461e-01
1.000009219571645014e+00
9.999621806353216069e-01
9.999672251487247143e-01
9.999127035275140463e-01
1.000086224612897201e+00
9.999267767538861929e-01
1.000008677945150470e+00
1.000052765620217388e+00
9.999744394086421684e-01
1.000031017066668415e+00
1.000060243280903371e+00
1.000096226275028588e+00
1.000030499252297034e+00
1.000027185372722505e+00
1.000021290873061464e+00
1.000004942558180066e+00
1.000097346353451266e+00
9.999887810111317554e-01
1.000005109335583509e+00
9.999840728511838472e-01
9.999584748230851972e-01
1.000010712999640505e+00
1.000025843472731157e+00
1.000058018790452641e+00
1.000015500635785370e+00
9.999707135535590430e-01
9.999257776344873117e-01
1.000003905572972362e+00
9.999823043310973603e-01
1.000001312268140818e+00
1.000062021206357343e+00
9.999886150865651135e-01
9.999644394504642042e-01
1.000043897030736151e+00
9.999609718312469919e-01
1.000055649036374117e+00
1.000059416487257824e+00
9.999463816061491261e-01
9.999436745068717158e-01
9.999718481045984930e-01
1.000060214497289657e+00
9.999831491932262839e-01
1.000029349929542954e+00
1.000051090834218392e+00
9.999750118308330382e-01
9.999815387662207566e-01
1.000077933048868051e+00
1.000079944958519373e+00
9.999448252513642998e-01
9.999586034645971955e-01
1.000038765411007891e+00
9.999735774605230665e-01
1.000054150643500339e+00
1.000008334782370945e+00
1.000064992741692471e+00
1.000006084162908815e+00
1.000058787005022598e+00
9.999826450328223038e-01
9.999789053117176252e-01
1.000132454129233572e+00
1.000031029101015045e+00
1.000094777182943373e+00
9.999327575771335130e-01
1.000012820403273661e+00
1.000006105936414702e+00
9.999559698653477380e-01
1.000047409440206536e+00
1.000009581647929968e+00
9.999240251924993439e-01
1.000081550898109350e+00
9.999946359581682875e-01
1.000006330007458644e+00
9.999624733350025441e-01
1.000112110677631172e+00
1.000032925829474895e+00
1.000018680936790583e+00
1.000027059599429613e+00
9.999508804500820691e-01
9.999730090638310198e-01
1.000083422541537148e+00
1.000044225902077422e+00
1.000025161510918803e+00
1.000038391833623752e+00
9.999778008320188150e-01
9.999952346573366402e-01
9.999910572829696642e-01
9.999441227825295320e-01
1.000044225522192187e+00
1.000035452143484882e+00
1.000057233154528324e+00
1.000010161059209146e+00
1.000058783998882816e+00
1.000019043955730158e+00
9.999738478215499660e-01
9.999434216709349732e-01
1.000035649412904126e+00
1.000000058739544340e+00
1.000031731535770074e+00
9.999691962196475270e-01
9.999452892923507141e-01
9.999040652115928074e-01
1.000127088961193733e+00
9.999683741831943973e-01
1.000000955935924196e+00
9.999688086997616798e-01
1.000053066401125568e+00
1.000023333467135789e+00
1.000026661015151141e+00
1.000030004121515548e+00
9.999646996954150158e-01
1.000108018312132696e+00
1.000058331069975548e+00
1.000029070140095566e+00
9.999733019953186419e-01
1.000100738532801126e+00
9.999615044638681116e-01
9.998983954583057221e-01
9.999491735598541320e-01
9.999922633249888060e-01
9.999649709552148602e-01
9.999643923414091029e-01
9.999793715254245985e-01
1.000029941135506473e+00
9.999448401800847819e-01
1.000121732314410483e+00
1.000124787935208648e+00
1.000029838486873768e+00
1.000020169646607116e+00
1.000007603088589603e+00
1.000044293589879008e+00
1.000044046285365695e+00
9.999650847000595144e-01
1.000002520652274907e+00
9.999638953345518777e-01
1.000087712133179929e+00
9.999632109072429387e-01
1.000099990639688796e+00
1.000014881933890321e+00
9.999840315096429899e-01
9.999738192444302953e-01
1.000010610513882181e+00
1.000023154678148174e+00
9.999551248631733946e-01
1.000054892163959819e+00
1.000049477457491509e+00
1.000056703392010693e+00
9.999879656732634237e-01
9.999820012921919465e-01
1.000048472074349881e+00
9.999978102725446405e-01
9.999028166588435074e-01
9.999991786238217051e-01
1.000007099373015018e+00
9.999485063022115483e-01
9.999875142044153398e-01
1.000072531771351247e+00
9.999935522719505254e-01
1.000018626418106127e+00
1.000018586135574150e+00
1.000023872467955766e+00
1.000006183539905003e+00
9.999409443631691596e-01
9.999577564344577230e-01
1.000103055822371800e+00
1.000002289052817517e+00
1.000039017346707970e+00
1.000019211048751799e+00
1.000064259547433831e+00
1.000012464286931690e+00
9.999779522843879054e-01
9.999420000482579507e-01
1.000040619804548614e+00
1.000006362103588620e+00
1.000011527697648450e+00
1.000034174892405980e+00
1.000025503052903497e+00
1.000010316217500250e+00
9.999906118555195178e-01
9.999818514273964842e-01
1.000052745534853349e+00
9.999407463931364592e-01
9.999263527367843185e-01
1.000004718749404109e+00
9.999983711813253962e-01
1.000002614052065253e+00
1.000011064203387701e+00
1.000110019575378040e+00
1.000018909686027024e+00
1.000083712359278731e+00
1.000003373595334422e+00
1.000137861126778827e+00
1.000005794266938253e+00
9.999949263772167640e-01
1.000022291975814825e+00
1.000075939801625236e+00
9.999945525323823414e-01
1.000012654556933001e+00
9.999969130576762399e-01
1.000036712075111245e+00
1.000043951191630143e+00
1.000090240944097042e+00
1.000076718665134923e+00
9.999924105888180481e-01
9.999779041061795937e-01
1.000051397237972761e+00
1.000040008234865940e+00
1.000013942173494375e+00
9.999729572835986957e-01
9.999765753573175431e-01
1.000144563124681474e+00
1.000090102651788992e+00
1.000083766208653913e+00
1.000025595072531859e+00
1.000024609826794642e+00
9.999788389224182339e-01
9.999542827693195246e-01
1.000061227355531157e+00
9.999740198700364235e-01
1.000012039376105388e+00
1.000054115904919438e+00
1.000052231767080357e+00
1.000098245525870455e+00
1.000002752149380170e+00
1.000068088085938722e+00
9.999632046975553967e-01
9.999819461591986647e-01
1.000110243274216604e+00
9.999836885222157523e-01
9.999902280858605774e-01
1.000017309324865433e+00
1.000102435404431445e+00
1.000024290539293759e+00
1.000062191966304637e+00
1.000028353557729677e+00
9.999949750310506147e-01
1.000014448186904659e+00
9.999809686830684052e-01
1.000006779243068911e+00
1.000007898036129328e+00
1.000023402178313647e+00
9.999493956777500969e-01
9.999911766235651811e-01
1.000034405647674207e+00
1.000053750218928617e+00
9.999615222528820402e-01
1.000043200511529617e+00
1.000008885656226587e+00
1.000015213971339412e+00
1.000012844365072651e+00
9.999018680147644389e-01
9.999820888837651633e-01
1.000055915676077989e+00
1.000024497883126084e+00
1.000120013398311247e+00
1.000020129686150838e+00
1.000014452661247333e+00
9.999636088021682800e-01
1.000060010110719988e+00
1.000030194279751150e+00
9.999618713366789091e-01
1.000038690419586818e+00
1.000029718258265587e+00
1.000052613944304669e+00
1.000018299419447976e+00
9.999727115209069428e-01
1.000068137651430433e+00
1.000086802562026200e+00
9.999522988850330085e-01
9.999877693543129942e-01
1.000129752016288176e+00
9.999723508761210189e-01
9.999934236171338364e-01
9.999907209510399131e-01
1.000004160327280234e+00
1.000032469232571719e+00
1.000043481356942321e+00
1.000085037523923859e+00
9.999794367954255581e-01
1.000043693422075775e+00
1.000093150857095381e+00
9.999905102734920614e-01
1.000049227667524798e+00
9.999036609901341688e-01
1.000029099173625813e+00
1.000010921351239590e+00
9.999574590492562587e-01
1.000069821045815432e+00
1.000150393257670745e+00
9.999332305596844161e-01
1.000011164100701233e+00
9.999796087464709604e-01
1.000003242370102186e+00
9.999591585387630488e-01
1.000001388011109160e+00
9.999611356468701695e-01
1.000010500523587531e+00
1.000038504569734643e+00
9.999988687602530124e-01
1.000110298644458329e+00
1.000074619640197726e+00
9.999981889971630844e-01
9.999335811399943097e-01
1.000044067087867417e+00
1.000025273227003408e+00
1.000023622516239996e+00
1.000019002393621292e+00
1.000020213121403989e+00
9.999325328673014379e-01
9.998954838590961014e-01
1.000041190207525243e+00
1.000078610302734150e+00
9.999647858206455187e-01
9.999271623925128916e-01
9.999854727045857095e-01
1.000057310527311838e+00
9.999615422771188644e-01
1.000032234661014652e+00
1.000059878716583528e+00
9.999945387705443389e-01
9.999189134635273479e-01
9.999053223794198697e-01
1.000023837530237492e+00
9.999181121118597693e-01
9.999908287234877680e-01
9.999713240995179442e-01
1.000025689108475557e+00
1.000009540209443104e+00
9.999682900962714172e-01
9.999937895144256350e-01
9.999891638525099102e-01
9.999243430624333850e-01
1.000139516885685254e+00
1.000057370348629515e+00
1.000076150684899634e+00
9.999749663935577626e-01
1.000101282520854840e+00
9.999635932304448138e-01
9.999990827564205764e-01
1.000074888652225047e+00
1.000084049534403663e+00
9.999675697787721029e-01
1.000023481659731095e+00
9.999766776419807268e-01
9.999668339058291888e-01
1.000011659078082982e+00
9.999895578520481276e-01
1.000033431120283200e+00
1.000052237763841667e+00
1.000065969329963833e+00
9.999801278209983213e-01
1.000069622917310275e+00
9.999387786916879017e-01
9.999882812800293674e-01
1.000014234204199548e+00
9.999008952461482247e-01
9.999636730282631669e-01
9.999672284197395067e-01
9.999775512184028159e-01
1.000077974414022464e+00
1.000072628589200097e+00
9.999861572711360447e-01
9.999874526856663559e-01
9.999890079533214626e-01
1.000056813993707605e+00
1.000020728395543568e+00
1.000021010775515418e+00
1.000011982703238989e+00
1.000098324286357698e+00
9.999626156743552929e-01
1.000051694993297602e+00
1.000166807022152771e+00
1.000043480845273169e+00
9.999513864112875572e-01
9.999478619933857004e-01
1.000144585087140436e+00
9.999175354185311226e-01
1.000037738252915753e+00
1.000045064654610183e+00
9.999711631775307641e-01
9.999483754646669720e-01
9.998741289390539189e-01
9.999534196022523691e-01
1.000031225193366957e+00
1.000045029378026085e+00
1.000009713939971068e+00
9.999488296372296414e-01
1.000064936408998850e+00
1.000013176259975101e+00
9.999260898569872769e-01
9.999786483137735882e-01
1.000070320278756641e+00
9.999906406463653363e-01
1.000034885319303291e+00
1.000102898713727706e+00
1.000020558905499568e+00
1.000102747715650775e+00
1.000106769841661913e+00
1.000038230381207649e+00
9.999993522106741528e-01
1.000013278995952826e+00
9.999554701828415881e-01
1.000051192435634784e+00
1.000028948780396165e+00
9.999982364127187884e-01
1.000075137748180687e+00
1.000051640506077311e+00
9.999809071124088344e-01
1.000107208510980783e+00
1.000067177113060701e+00
1.000043223970094264e+00
1.000003772928335311e+00
1.000053662265969256e+00
9.999725240800774184e-01
9.999171116589555819e-01
1.000122035721445757e+00
1.000045184855981262e+00
1.000013931944194523e+00
1.000043724281728830e+00
9.999173754550312321e-01
1.000095825072951694e+00
9.999792500009709872e-01
1.000024931104034343e+00
1.000086911386057320e+00
1.000042170510651030e+00
1.000040653867862117e+00
9.999032967985181930e-01
9.999735747331447433e-01
1.000032374991555395e+00
9.999870483462782733e-01
1.000052986848212866e+00
1.000088793791123143e+00
1.000046712928031933e+00
1.000034904961205173e+00
1.000094270520613504e+00
1.000019276545571767e+00
1.000033974879076748e+00
1.000046328538532148e+00
1.000081653407418836e+00
1.000002977805659832e+00
9.999304427547158758e-01
9.999749741389221125e-01
1.000032945008963781e+00
9.999844972785730812e-01
1.000050585894290744e+00
1.000011589054525363e+00
1.000035981495651871e+00
9.999740047673588705e-01
1.000119857639625742e+00
1.000036209130525711e+00
1.000051150669492017e+00
1.000090951261896510e+00
1.000018957652160312e+00
1.000022319530723180e+00
1.000043964581947664e+00
9.998814707083456543e-01
9.999577385233756610e-01
9.999357099934632620e-01
9.999666331152449184e-01
9.999904489543409714e-01
9.999440118896194551e-01
1.000042808499100655e+00
9.999476377278572192e-01
9.999385304908230410e-01
1.000026439099060749e+00
1.000021277324905089e+00
1.000050712200261760e+00
1.000048817026523595e+00
9.999377374663301898e-01
9.999751261281865089e-01
1.000025528778526240e+00
9.999801702892605615e-01
9.999811383994161584e-01
9.999475762326959227e-01
1.000025676044043577e+00
9.999005926512406495e-01
1.000036399645780616e+00
1.000064906558864042e+00
9.999626154586493954e-01
1.000109893781780279e+00
9.999667065904394025e-01
1.000051850808683751e+00
9.999864221535220699e-01
1.000000900415762173e+00
1.000028094596218109e+00
1.000016943386459856e+00
9.999530957744198201e-01
1.000003457828999132e+00
1.000018530540709660e+00
1.000016916679556056e+00
9.999897540101139182e-01
1.000029130629803475e+00
9.999751918154469177e-01
9.999270329200564689e-01
9.999815533266088741e-01
1.000083581979133385e+00
9.999793096554681071e-01
9.999581707018618815e-01
1.000016193135262466e+00
1.000002017435441370e+00
1.000030412875884123e+00
1.000037463809431593e+00
9.999340584796030384e-01
9.999954020992752879e-01
9.999961011356998108e-01
1.000059585579493149e+00
1.000003815597721779e+00
9.999834203696303936e-01
9.999266221932812115e-01
1.000136924486181966e+00
1.000097031498209166e+00
1.000079927519328837e+00
1.000083489303570827e+00
1.000022023933265114e+00
1.000008451533028531e+00
1.000035488496098246e+00
9.999125367384114060e-01
9.999716040927850713e-01
1.000050062032981302e+00
9.999730597910524432e-01
9.999969898253212586e-01
9.999711441438658976e-01
9.999961495882040419e-01
1.000066005173608108e+00
1.000023548428437659e+00
9.999800184822937865e-01
9.999977054426271161e-01
9.999902075890793052e-01
1.000031300446385440e+00
1.000076959567888446e+00
1.000039325508844001e+00
1.000000775517821516e+00
1.000009887127658814e+00
9.999681115718382918e-01
1.000057050728800023e+00
9.999557837113520753e-01
9.999681698617320924e-01
1.000091763636479225e+00
9.999184560123804966e-01
1.000075455241522082e+00
1.000109592183168639e+00
9.999249804274124021e-01
1.000037606045170779e+00
9.999422193310048002e-01
1.000010554124739937e+00
1.000022732200167574e+00
9.999091652500707861e-01
1.000035730399498224e+00
1.000024134638963558e+00
9.999549466672361664e-01
9.999916956365264564e-01
1.000014186995038079e+00
1.000034092061846458e+00
1.000015569463905241e+00
1.000005484919749277e+00
9.998912419072294444e-01
9.999969408225666267e-01
1.000014395481318097e+00
1.000044594839349710e+00
9.999734327350283669e-01
1.000062464831699804e+00
9.999657218349504717e-01
9.999371509554642046e-01
9.999643570684668692e-01
9.999823374277736487e-01
1.000123052800237611e+00
9.999773581809858758e-01
1.000009943162847303e+00
9.999459990612198368e-01
9.999774756926059771e-01
9.999245937812094587e-01
9.999781259579210158e-01
1.000072376968440091e+00
1.000044691425522103e+00
9.999855583565840922e-01
1.000023958800960067e+00
1.000004504965171570e+00
9.999899934131384338e-01
9.999344888799195363e-01
9.999344027482237607e-01
9.999997014935750883e-01
1.000031376611471901e+00
1.000054479559162379e+00
9.999907588593245356e-01
1.000062376331381842e+00
9.999917714075874375e-01
1.000014102879390077e+00
9.999878206925142399e-01
9.999529499504096197e-01
1.000022328859235587e+00
1.000025368047165575e+00
9.999969607032831442e-01
1.000049484816056822e+00
1.000080437010792966e+00
1.000059019669583993e+00
1.000012291417557764e+00
9.999684711488943112e-01
1.000013133870065740e+00
1.000003653094707845e+00
1.000026968866509547e+00
1.000055684465581241e+00
1.000044823147705486e+00
1.000026161902812571e+00
1.000035265983209687e+00
9.999541703272740722e-01
9.999588125766367686e-01
1.000022324900982307e+00
1.000003874396932835e+00
9.999283665139856447e-01
1.000060577716658905e+00
9.999889444089615775e-01
9.999878476219150603e-01
1.000001239945051523e+00
1.000029526829093740e+00
9.999774872282747307e-01
1.000011298248021596e+00
9.999745908100413638e-01
9.999470838160842145e-01
1.000019610519996327e+00
1.000009333204790352e+00
1.000012880294778750e+00
1.000152662808514448e+00
1.000014965119672583e+00
9.998869556203452413e-01
1.000029449774112233e+00
9.999975240955070177e-01
1.000019388186464964e+00
1.000004191498520267e+00
9.999641650758738232e-01
1.000067989503906407e+00
1.000104344976951554e+00
1.000078484172457260e+00
9.999971811321858306e-01
1.000044226275603521e+00
1.000083558645232795e+00
1.000051758685390757e+00
9.999608342725082588e-01
9.999839185660779339e-01
9.999808060965443834e-01
1.000041959346964271e+00
1.000027918229722479e+00
9.999799268761325743e-01
1.000043666398411801e+00
1.000055576573927851e+00
9.999940315004591795e-01
9.999903558202930531e-01
1.000040298895934487e+00
1.000010297278893345e+00
1.000091731366235859e+00
1.000032572606970316e+00
1.000135123130547976e+00
9.999787141765775766e-01
9.999711986914971984e-01
9.999747756493249096e-01
9.999625145378325808e-01
1.000053500240897231e+00
9.999630037279810812e-01
1.000023355758477006e+00
1.000101363697041723e+00
9.999889429797839124e-01
1.000044710690774163e+00
9.999504602801240205e-01
1.000061339300267305e+00
1.000034789913134103e+00
1.000137550033992628e+00
1.000055282722363659e+00
9.999732154082433544e-01
1.000101466334881506e+00
1.000030262232769029e+00
1.000014259711884845e+00
1.000038853481706846e+00
9.999798097026932897e-01
1.000077074709828873e+00
1.000004034051956259e+00
1.000148839455698324e+00
1.000015098673728176e+00
1.000020075206847103e+00
1.000095209784310546e+00
1.000023913482873450e+00
1.000089107554007706e+00
9.999345552831204742e-01
1.000043317706836188e+00
1.000039124191202555e+00
1.000034034480856038e+00
9.999169836445542803e-01
9.999061831612990892e-01
9.999350035765267597e-01
1.000169478044961258e+00
1.000065142368095739e+00
1.000051239831207139e+00
1.000090352061476340e+00
1.000064797052889531e+00
9.999935804219391988e-01
1.000121487439238788e+00
1.000096767300381551e+00
1.000112176700745037e+00
1.000026726154506385e+00
1.000017182794604054e+00
9.999633072198641504e-01
1.000070991251038377e+00
9.999992314672608851e-01
1.000064816185760375e+00
1.000032786381544136e+00
1.000038476233581664e+00
9.999806990176750565e-01
9.999393081287888396e-01
1.000076386976052278e+00
9.999706758056248201e-01
1.000040692346193971e+00
9.999620559421031896e-01
1.000028829673664355e+00
1.000018971750358698e+00
1.000013678453088861e+00
1.000057223569084552e+00
1.000033050817431990e+00
1.000092375819343182e+00
9.999678612394978794e-01
1.000122454783889392e+00
1.000035507323531414e+00
1.000000299421775596e+00
1.000105892051327050e+00
1.000060493380814597e+00
1.000036200951027521e+00
1.000019742840253301e+00
9.999982187731146777e-01
1.000084764310295471e+00
1.000031473272655624e+00
1.000004521875569541e+00
1.000034225193668913e+00
1.000048052729361370e+00
9.998791222326508521e-01
1.000051642689505638e+00
1.000021448021174209e+00
9.998576799908722723e-01
9.999878277626645939e-01
9.999600499755547656e-01
1.000007151424282092e+00
1.000058515093285916e+00
9.999867964395567910e-01
9.999735241577552003e-01
1.000098997101498188e+00
9.999760632466536681e-01
9.999291640098082468e-01
1.000008856362080589e+00
1.000081177262179377e+00
1.000039923422293420e+00
1.000094354187891721e+00
9.999279663406582808e-01
9.999854742795173390e-01
1.000069128931261542e+00
1.000038979497895220e+00
9.999482875512002433e-01
9.999824878011456253e-01
1.000134159897335673e+00
1.000003423724111551e+00
9.999811497151955830e-01
1.000073453128416112e+00
1.000048566234406078e+00
1.000064432107052870e+00
1.000007853446445161e+00
9.999708914725701225e-01
9.999744514076880364e-01
1.000008517786210582e+00
1.000028847427880452e+00
1.000033739728840576e+00
9.999792633968731526e-01
9.999671808832518716e-01
9.999441873651235824e-01
1.000109870074096907e+00
9.999024332087002032e-01
9.999805815584149604e-01
1.000003115527149156e+00
1.000055329838721585e+00
9.999721343265530749e-01
9.999891383477587103e-01
9.999639277594045694e-01
1.000006705372363580e+00
1.000017235817909800e+00
9.999110396377215437e-01
1.000042427011566204e+00
1.000052859069675559e+00
1.000044203532233000e+00
1.000027216221477833e+00
1.000039522470508535e+00
1.000077105395267951e+00
1.000035768181999352e+00
9.999898986644998322e-01
1.000087867393538055e+00
9.999461472220596558e-01
1.000083269507991535e+00
9.999901615481624484e-01
1.000070487310406042e+00
1.000054412837416029e+00
1.000046418428104822e+00
1.000011166842650123e+00
1.000011710975471146e+00
1.000044131572876527e+00
1.000022059200872837e+00
1.000038503664301137e+00
1.000060291266517964e+00
1.000062239140760756e+00
1.000120214224396786e+00
1.000029158394918793e+00
1.000003763390306943e+00
9.999988012277448712e-01
1.000071544947203517e+00
1.000031827491526082e+00
9.999594262874639261e-01
1.000031833115628377e+00
1.000015375786875715e+00
1.000021422060867415e+00
9.999166197981187443e-01
1.000164867182591122e+00
1.000060790342022887e+00
1.000062156982452155e+00
1.000054240889572066e+00
1.000005109056883779e+00
9.999791554566860308e-01
1.000037652512270947e+00
9.999691963646750725e-01
9.999274592192444189e-01
1.000052922563031466e+00
1.000126390145468447e+00
1.000005360892253004e+00
9.999993859387197315e-01
1.000029537432891136e+00
1.000102455215876818e+00
9.999556309256151243e-01
1.000011803479685213e+00
1.000051086523446653e+00
1.000026116235582352e+00
1.000026240204438865e+00
1.000019746175188740e+00
1.000016904753560976e+00
9.999175250813975291e-01
1.000048978461352878e+00
1.000040030534566693e+00
1.000044197117112788e+00
1.000017036053314712e+00
1.000017089831624961e+00
9.999719323053171127e-01
9.999532042091272555e-01
1.000013922549444212e+00
1.000029926929523416e+00
9.999981680086842406e-01
1.000044718515393338e+00
1.000046318631706344e+00
1.000012284284351960e+00
1.000015824103569706e+00
9.999459989799843740e-01
1.000039555799646873e+00
9.999342219945310806e-01
1.000052885519951973e+00
1.000102955927250292e+00
1.000012331729543735e+00
1.000020830638847169e+00
1.000046013563393066e+00
1.000056290267390846e+00
1.000010336789632470e+00
1.000076184100876286e+00
1.000013514337433351e+00
1.000058391832716831e+00
1.000040298017033313e+00
1.000083766390327700e+00
1.000040616838463903e+00
1.000045562739358296e+00
9.999461543731096302e-01
9.999481988801613985e-01
1.000024464257631474e+00
9.999756208996556373e-01
1.000016737243871301e+00
1.000024127770669846e+00
1.000071824640431650e+00
1.000055429753708314e+00
1.000030516541622561e+00
9.999477974983822515e-01
9.999595262775831106e-01
9.999500131269698500e-01
1.000075836368047533e+00
1.000086142301109815e+00
1.000065808600377970e+00
9.999396431168510180e-01
1.000109703171693010e+00
9.999961525506109172e-01
9.999669730662497091e-01
1.000142228695784841e+00
1.000073189116326144e+00
9.999863092915652896e-01
9.999631046061440154e-01
9.999223047044555335e-01
9.999925403856746442e-01
1.000039072138096063e+00
9.999923150390822579e-01
9.999803459181102472e-01
1.000039213726207299e+00
1.000056875132270040e+00
9.999486523113020331e-01
1.000000332940120140e+00
9.999429940912595294e-01
9.999245367558856623e-01
1.000083541316016067e+00
9.999959938690785588e-01
1.000071001627170997e+00
1.000012443086388370e+00
1.000060016700343724e+00
9.999601670613182947e-01
1.000023339405168965e+00
1.000035871477517713e+00
9.999962186507664885e-01
9.999445508873950894e-01
1.000061302739718938e+00
1.000042162729407602e+00
1.000039552901057505e+00
1.000080949757185200e+00
1.000081502871131400e+00
1.000004810974552294e+00
9.999343475511306423e-01
1.000052610117307950e+00
1.000004994823934235e+00
1.000066953918148815e+00
1.000057355078770360e+00
1.000041358645685552e+00
9.999778928930747046e-01
1.000055498077024874e+00
9.999781490283382590e-01
9.999801663266865148e-01
9.999776295364617429e-01
9.999794231664363986e-01
9.999779309462022425e-01
1.000027436258250857e+00
1.000076294335822125e+00
1.000042395739594525e+00
1.000025624464586205e+00
1.000090904525004598e+00
1.000034745480953280e+00
1.000004676808464055e+00
9.999785931780247328e-01
9.999974460523441966e-01
1.000037761614137821e+00
1.000154262097445956e+00
1.000026523195015171e+00
9.999997958542318210e-01
9.999853201336794672e-01
9.999714828413764911e-01
1.000064228275663991e+00
1.000006007764199900e+00
1.000033999373677984e+00
9.999657981268048612e-01
1.000028674750400581e+00
1.000094872405967505e+00
1.000008206141768330e+00
1.000026129766463656e+00
9.999873703426486182e-01
9.999722418571875826e-01
1.000042864159282896e+00
1.000016826505498280e+00
1.000076065637140577e+00
9.999964375346792611e-01
1.000026625446857054e+00
9.999460169248651775e-01
1.000015512500339820e+00
9.999621635832488531e-01
1.000088452239125569e+00
1.000076152845509103e+00
1.000040233418198143e+00
9.999912792327224631e-01
9.999706324683428349e-01
1.000051853716429573e+00
1.000080775858324555e+00
1.000015681563504177e+00
1.000037842890825646e+00
9.999375782065348384e-01
1.000131615106620853e+00
1.000048782171872430e+00
9.999743400764273815e-01
1.000031388681698719e+00
9.999962415174337149e-01
9.999653384054077998e-01
1.000156807668435510e+00
1.000038485998544058e+00
9.999667790659133582e-01
