4.539568826083217168e-05
4.404672099450553823e-05
4.450256199870548208e-05
4.469281906471138464e-05
4.588936157073877020e-05
4.492071466066336770e-05
4.488798300534521972e-05
4.488895637681515925e-05
4.447613852996766781e-05
4.535559872487602174e-05
4.553533767873423500e-05
4.435805462413519606e-05
4.450091864535570560e-05
4.469545358728161088e-05
4.588954727772381789e-05
4.491922992758296278e-05
4.489082556009099092e-05
4.488492474346313218e-05
4.447120037382534883e-05
4.537472344342330713e-05
4.539773569905262860e-05
4.404512028180532473e-05
4.444463770693665819e-05
4.425138860983730989e-05
4.599799101254128952e-05
4.542159153687756382e-05
4.384993704839061581e-05
4.494204776097273919e-05
4.512811100143617068e-05
4.533253030548057113e-05
4.477052996109288642e-05
4.414959853797939966e-05
4.450971992562886040e-05
4.564583053175813430e-05
4.498278632464146462e-05
4.552779680820037326e-05
4.422280381800346226e-05
4.482432674463987922e-05
4.556531874906126581e-05
4.501808980978559336e-05
4.504490752554066933e-05
4.415866917395185271e-05
4.436418008653648053e-05
4.598109205023521073e-05
4.479270198511316664e-05
4.550730822009469345e-05
4.457908375420298292e-05
4.412589591737060737e-05
4.517485550909589552e-05
4.568798440626343897e-05
4.433284390500009535e-05
4.456231730326222870e-05
4.475142946668032309e-05
4.573439450966059578e-05
4.493174553967313597e-05
4.488765214997575111e-05
4.488657136344503812e-05
4.447301639748677476e-05
4.535421587055353559e-05
4.553118315176683920e-05
4.429897511961336683e-05
4.421664282317510660e-05
4.474816827631369285e-05
4.573339784187267689e-05
4.505680576603172081e-05
4.521273429538824726e-05
4.452655658422580452e-05
4.447311136129885050e-05
4.535307400961137778e-05
4.553385746991794501e-05
4.429866666941218828e-05
4.422122136928171313e-05
4.474864327422166312e-05
4.573348529073050401e-05
4.505993781548666192e-05
4.521287822758470376e-05
4.492483198514450046e-05
4.451102827324555564e-05
4.535221871038814731e-05
4.578903924478213192e-05
4.404323363727787120e-05
4.450000734086866018e-05
4.469487974866715390e-05
4.588958947804542421e-05
4.493041566385105455e-05
4.488661130726719344e-05
4.488683268267895622e-05
4.447404946447439480e-05
4.535149652450574888e-05
4.553331939652486605e-05
4.429871457339981580e-05
4.421911539049994848e-05
4.475331226219647054e-05
4.573153816549696126e-05
4.506030565395552730e-05
4.514205087518945327e-05
4.489078673150081328e-05
4.447001776144145983e-05
4.535235265701454798e-05
4.553157638442180747e-05
4.445072199359022860e-05
4.450270506493369854e-05
4.469473354091180569e-05
4.588956857888355399e-05
4.492950496574345097e-05
4.488995834118259833e-05
4.488748224464437657e-05
4.444508823355182491e-05
4.551078556994021693e-05
4.527577438221415775e-05
4.440807024218881415e-05
4.457434492780931403e-05
4.425109293167902864e-05
4.589004927504480164e-05
4.558801189917107235e-05
4.459149870688348846e-05
4.501835168747625503e-05
4.433761927693250166e-05
4.551483520026765458e-05
4.539779387121096923e-05
4.405062288820828426e-05
4.450716001803832922e-05
4.469286540070165260e-05
4.589188019286462360e-05
4.492881001879411938e-05
4.488818364580272869e-05
4.488887431082178795e-05
4.447024391061450390e-05
4.535001497470380033e-05
4.553281765740717178e-05
4.429590314115263870e-05
4.421860591411024271e-05
4.475018615259601336e-05
4.617871280022339093e-05
4.493026755611114213e-05
4.488562508378756170e-05
4.488456104273998198e-05
4.472797662554406069e-05
4.551100635400813840e-05
4.539664043343777844e-05
4.405147799720076935e-05
4.450281352486982632e-05
4.469235261077189847e-05
4.588970899348290822e-05
4.493226514583903712e-05
4.488862254462572146e-05
4.488444837073275295e-05
4.472734929352344721e-05
4.550948145572493187e-05
4.501282289528398656e-05
4.471835924866637932e-05
4.457651129262801555e-05
4.425266187847347939e-05
4.589205596849050336e-05
4.558723852994671247e-05
4.406919481862102113e-05
4.509347535720527566e-05
4.504804025009489626e-05
4.541469827070235694e-05
4.500093548749610489e-05
4.451767993984342292e-05
4.418641791420865102e-05
4.474524840308339392e-05
4.605206237765384266e-05
4.578707022839250567e-05
4.372249362931723745e-05
4.494254770547270890e-05
4.553276086757894036e-05
4.499776032763951527e-05
4.507531384929823264e-05
4.450370890436794409e-05
4.455158544844045989e-05
4.520039471396993815e-05
4.546600640778963100e-05
4.546095183445276301e-05
4.387566307886402189e-05
4.530251404341110294e-05
4.502687533728185084e-05
4.502397391193616315e-05
4.507561077179250800e-05
4.450349494153467368e-05
4.455190493858684835e-05
4.519812379202383556e-05
4.546874945254314882e-05
4.545915079823885195e-05
4.387389522845835179e-05
4.529926902928846502e-05
4.503820874430772595e-05
4.501417963405515509e-05
4.455158829354336343e-05
4.455174397139052307e-05
4.486096430166410052e-05
4.533509105185989143e-05
4.505704549203640651e-05
4.541965687581964097e-05
4.496763218260977355e-05
4.444668323628311630e-05
4.517142210116861171e-05
4.605175577281403866e-05
4.429486855699242776e-05
4.466164292730614549e-05
4.482094442668646745e-05
4.573413145613604909e-05
4.506612934004033114e-05
4.521194600645796121e-05
4.492192646688331921e-05
4.439183374638435998e-05
4.535558306565495021e-05
4.553210597206201456e-05
4.394963101430951198e-05
4.450500865529022452e-05
4.481900348051317889e-05
4.573354150588932046e-05
4.506709938381036576e-05
4.521118035341870729e-05
4.452134300790111087e-05
4.479232942227408032e-05
4.535487892576291300e-05
4.553356448693566210e-05
4.430463066655764096e-05
4.450163961996528886e-05
4.438410289266906951e-05
4.588830747525999339e-05
4.558776659145911687e-05
4.406744092111045119e-05
4.468930466264787115e-05
4.501278913718319996e-05
4.538148641834323089e-05
4.500134252754401238e-05
4.452137927814308835e-05
4.465878351703155398e-05
4.466180597811710332e-05
4.552314544635286238e-05
4.540805509673661753e-05
4.381195858362213149e-05
4.494139831812842857e-05
4.552796459646144835e-05
4.494276336629468669e-05
4.502155074006438789e-05
4.458062504723979294e-05
4.454200809839412880e-05
4.474647605988499587e-05
4.605112793444366163e-05
4.579078787689453800e-05
4.372208899899300924e-05
4.504560259837735891e-05
4.501380490080067107e-05
4.537902302110081380e-05
4.500200655912824099e-05
4.452193378470379914e-05
4.465783612928855075e-05
4.466592718364836688e-05
4.567261965095567458e-05
4.579211652276674808e-05
4.371912745740369374e-05
4.504293721000538332e-05
4.501128701606780668e-05
4.541507196709748120e-05
4.502168233689511721e-05
4.458047592440538470e-05
4.454268854776757076e-05
4.474707770336996011e-05
4.558721778966472307e-05
4.577217152887281951e-05
4.381397980611508291e-05
4.494214123513166719e-05
4.552728039149148495e-05
4.493639701868782776e-05
4.502174531825068774e-05
4.458315655258955976e-05
4.454481474567299943e-05
4.474379124788243576e-05
4.558782845608647008e-05
4.577288122501263360e-05
4.381210084091194179e-05
4.494520847771086788e-05
4.553080400824364190e-05
4.499706403107827383e-05
4.507368368206481920e-05
4.449984928428789044e-05
4.454133598043945297e-05
4.518368268788714196e-05
4.558757492213290694e-05
4.577050932762572654e-05
4.381638101505837301e-05
4.494288505068667373e-05
4.552852937895231070e-05
4.493548932212416351e-05
4.502253685649037145e-05
4.458067888480494979e-05
4.454219403472863421e-05
4.474524601342918454e-05
4.605087394776544195e-05
4.579350584046496729e-05
4.372363490978604277e-05
4.541084358259166664e-05
4.502492690789035458e-05
4.501201602623282631e-05
4.501281026263531594e-05
4.415756866012375483e-05
4.487515809401957159e-05
4.598439986308070843e-05
4.569360885893185699e-05
4.462396007495335147e-05
4.487881031948548152e-05
4.472860899894341306e-05
4.567695038079945671e-05
4.503524232284227810e-05
4.489579313115532578e-05
4.458462896359253780e-05
4.433820393513815330e-05
4.605042833129962263e-05
4.579293101385841928e-05
4.371779735358870158e-05
4.504592300443344978e-05
4.501257362523454714e-05
4.492422581315170491e-05
4.533095604831472185e-05
4.452371998842819841e-05
4.465872617458527196e-05
4.466493992922008647e-05
4.603756873247924275e-05
4.543403582854490966e-05
4.406861336643131403e-05
4.509061153005851559e-05
4.504353375165492344e-05
4.492793974010025600e-05
4.500322872872628981e-05
4.438931419178840880e-05
4.457452702878553252e-05
4.475774516228058582e-05
4.588732644437769034e-05
4.520570376029066947e-05
4.462853060260066871e-05
4.488825525329392588e-05
4.472396410659722167e-05
4.502030049743624602e-05
4.537113232468083148e-05
4.429578806575431134e-05
4.422460137373603506e-05
4.487509034983271094e-05
4.597318497004936343e-05
4.479907086693861521e-05
4.551166031654705837e-05
4.457595343143458459e-05
4.444478725832325258e-05
4.516946656294280161e-05
4.557134477259511816e-05
4.432900329749598592e-05
4.449023037838959914e-05
4.457977388973487573e-05
4.564398127029745637e-05
4.499374297902444217e-05
4.552623348972197981e-05
4.422128187917040486e-05
4.481503372206139515e-05
4.555297201801782649e-05
4.515510475397395201e-05
4.477615041389668984e-05
4.399207258569410976e-05
4.454283659469303834e-05
4.518648743652297240e-05
4.558718815950703421e-05
4.576878702372740444e-05
4.381480304468149709e-05
4.494242996672021163e-05
4.546375692556115118e-05
4.500879716968520254e-05
4.495249253520085611e-05
4.442058190985229290e-05
4.454670795932636569e-05
4.474496608799988565e-05
4.604932062716231788e-05
4.579603553500457885e-05
4.372309903142002866e-05
4.504391414769845888e-05
4.501436709704887133e-05
4.498781620152339565e-05
4.532721688357096610e-05
4.441290153299140174e-05
4.458668152041031317e-05
4.473394106508049670e-05
4.604086859065259539e-05
4.543611544744765950e-05
4.407276338408472641e-05
4.508779762579608378e-05
4.504397454164872991e-05
4.492187262758039635e-05
4.500170775020106799e-05
4.438902948637080153e-05
4.457871022624025181e-05
4.465245750162521928e-05
4.602641675827450678e-05
4.543706862798672870e-05
4.407081028973971418e-05
4.508872608043138088e-05
4.473338671125291804e-05
4.489398936981925094e-05
4.533297931837895327e-05
4.441448856155011491e-05
4.458873375534030845e-05
4.473533379303165804e-05
4.604180818510038753e-05
4.543396743330691624e-05
4.406659514912282245e-05
4.508949161759282100e-05
4.504831054162086024e-05
4.492225876793137985e-05
4.500326208152552454e-05
4.438233040167293623e-05
4.457819093771507368e-05
4.475616230478119035e-05
4.588509457172615413e-05
4.545755682863461533e-05
4.459235903242710937e-05
4.501602279192283985e-05
4.473466952346789860e-05
4.516966645960654431e-05
4.510199935967340498e-05
4.405264676787976291e-05
4.450946425136387063e-05
4.482619096355899249e-05
4.624852337131956482e-05
4.545843875119809016e-05
4.459123905278611843e-05
4.501479838651098236e-05
4.473413959065909566e-05
4.526410793609170403e-05
4.530933703677610846e-05
4.448511937037558214e-05
4.458671555986327793e-05
4.425110044572533926e-05
4.588712055297988057e-05
4.595289749348233381e-05
4.407144032964548618e-05
4.509297935204418519e-05
4.504551909115818680e-05
4.492908036386521013e-05
4.532548598011142246e-05
4.451666461476702809e-05
4.458887209329249953e-05
4.473386426316116671e-05
4.564609334023642204e-05
4.566521996582609575e-05
4.381859620507872806e-05
4.494319258811154837e-05
4.552659112003562834e-05
4.449239514487991775e-05
4.532715608547759967e-05
4.442476441685005002e-05
4.459153225614690601e-05
4.473323520438292746e-05
4.564510538151156236e-05
4.575331355776564269e-05
4.421776463222450778e-05
4.490267229352548118e-05
4.555364799440477311e-05
4.524748002712163108e-05
4.464861407377220887e-05
4.415308249433351690e-05
4.490707961558880240e-05
4.519651343673314434e-05
4.502682556280022247e-05
4.550761884457376705e-05
4.457988606518188722e-05
4.444098767611821360e-05
4.516936848669811876e-05
4.554140808919836909e-05
4.432327276598285113e-05
4.416082753135631029e-05
4.530862016943964057e-05
4.532737582901960648e-05
4.517961327103586484e-05
4.521312979775589939e-05
4.492090747722556358e-05
4.472587104386158065e-05
4.520650195433726737e-05
4.500138390213012906e-05
4.489943516556462572e-05
4.458024021963897707e-05
4.439601464221020074e-05
4.564301217469599449e-05
4.566794505154131114e-05
4.381952175990473300e-05
4.496066518129802631e-05
4.502712364194944950e-05
4.515419660666898259e-05
4.477288607757872569e-05
4.400559485541465120e-05
4.462680792611266507e-05
4.519925193743791757e-05
4.502482462619731781e-05
4.541427426428008553e-05
4.464330074113368298e-05
4.447999043777844881e-05
4.503381070705159432e-05
4.556742487770163092e-05
4.432805941662942611e-05
4.405161048088059164e-05
4.459517694263090567e-05
4.571772404386798206e-05
4.518109771018763779e-05
4.521163747893720966e-05
4.452292778502315673e-05
4.478952117148000359e-05
4.485652421691270898e-05
4.536881716128681461e-05
4.430014828627633057e-05
4.422105465742369706e-05
4.487322614119126506e-05
4.597364214603183907e-05
4.518634175674684161e-05
4.462641515409370883e-05
4.488414514791115909e-05
4.472519430425800927e-05
4.515195950789832125e-05
4.509834410050104386e-05
4.405112773104719059e-05
4.450968214676813894e-05
4.482425701340439072e-05
4.572750320911531146e-05
4.546068406116137551e-05
4.459358914576325308e-05
4.501695876123167886e-05
4.500572467950955674e-05
4.446652362292919996e-05
4.533015256160880099e-05
4.448744338137910657e-05
4.418969856282953690e-05
4.473696277953934081e-05
4.564901094164366469e-05
4.566996340676465586e-05
4.380862422117586587e-05
4.494360513382643666e-05
4.553178250840926735e-05
4.459476861086690157e-05
4.477749901323169825e-05
4.400094798183818259e-05
4.453880228271027690e-05
4.518242929613324420e-05
4.546314757768840002e-05
4.547271297705122599e-05
4.421962033610192874e-05
4.481226092497763238e-05
4.502127367914357157e-05
4.528181824432582009e-05
4.464843251144618309e-05
4.415228508298364138e-05
4.491049963004468211e-05
4.519749600935749610e-05
4.502869597570605196e-05
4.541749153227042743e-05
4.499490227847511615e-05
4.444464149298573525e-05
4.520100744833837659e-05
4.501187487399469444e-05
4.432695832461287083e-05
4.415295599961071915e-05
4.488277810323435945e-05
4.597472207327187933e-05
4.491954532026534497e-05
4.459252307259007979e-05
4.501583415009700623e-05
4.473601635300987500e-05
4.477151163882032932e-05
4.532651097588821500e-05
4.449124923481150484e-05
4.458450929501621321e-05
4.439604663018232699e-05
4.515570367928008482e-05
4.573237495367972651e-05
4.421346389170037412e-05
4.496348626391036615e-05
4.495748046439235554e-05
4.528250616815291492e-05
4.464300654074128909e-05
4.415020197185086072e-05
4.490554405703240813e-05
4.519809926764409584e-05
4.533744070495986035e-05
4.550795258680818387e-05
4.411860722905326779e-05
4.478758315272030949e-05
4.544469023008946781e-05
4.509915558664389301e-05
4.405156568277309375e-05
4.450694905029066331e-05
4.482511681084175282e-05
4.561353718051081951e-05
4.518835438974416215e-05
4.462788460236404112e-05
4.488120725764858351e-05
4.438962891345616909e-05
4.553873809981681773e-05
4.500083238409080202e-05
4.438424951028415203e-05
4.465316496090203548e-05
4.425540308533661588e-05
4.536718050800541503e-05
4.595903581332367937e-05
4.419349550178503790e-05
4.504582269289607327e-05
4.497296880933647473e-05
4.448464976044317969e-05
4.532695816166836070e-05
4.421144781953761758e-05
4.454660591627801778e-05
4.474569106380202110e-05
4.552742845733563669e-05
4.566941067749022355e-05
4.381559111328920298e-05
4.494254125154084433e-05
4.549076303580891451e-05
4.448192536607084840e-05
4.495200440503474684e-05
4.442640817618416147e-05
4.454267568247058113e-05
4.474667152960469095e-05
4.553151705246969566e-05
4.566957844357235756e-05
4.428392650618353073e-05
4.496106987577308084e-05
4.498841065219306035e-05
4.515560717235023657e-05
4.477557438752349675e-05
4.400001702826571853e-05
4.455239373852496864e-05
4.519856039249766136e-05
4.493677254447828406e-05
4.511915145890811146e-05
4.463313456474207123e-05
4.447799227184653199e-05
4.500243762222448315e-05
4.556732865674844224e-05
4.432575240429841793e-05
4.404541323999369967e-05
4.501989689507860228e-05
4.564485976885000561e-05
4.447109852506287250e-05
4.541705170574456029e-05
4.491738474057622776e-05
4.444501826590863445e-05
4.507885493814469047e-05
4.523979444089885383e-05
4.404669082286046900e-05
4.450251715874631666e-05
4.482293529506326630e-05
4.560818175435563983e-05
4.519205409263820250e-05
4.462695621674364686e-05
4.522848342658951175e-05
4.425446113166187420e-05
4.520283056897432696e-05
4.500330540973844962e-05
4.438508558451893966e-05
4.457863912482338338e-05
4.475840301673921059e-05
4.536488077017449417e-05
4.546350314125188264e-05
4.459510995999170995e-05
4.488594248642140073e-05
4.497293514471978039e-05
4.448132600200435264e-05
4.531954739760061352e-05
4.442010309641667619e-05
4.458805068222384675e-05
4.473470978644620698e-05
4.551788093003110230e-05
4.578774976771537541e-05
4.371751793974956935e-05
4.489663520746627561e-05
4.548935675102648389e-05
4.448071612819900540e-05
4.541881225429248320e-05
4.400048582076959865e-05
4.453941592004433131e-05
4.518544902235459212e-05
4.506421558149245068e-05
4.573244674654057410e-05
4.421919530693139213e-05
4.481414832326479112e-05
4.498508943384860919e-05
4.528122760993667859e-05
4.470797217066253224e-05
4.405343731325600136e-05
4.502117314259334951e-05
4.564396383426506145e-05
4.474551684921953659e-05
4.550479103175489976e-05
4.446421356757278574e-05
4.443556487884301219e-05
4.516422785697378440e-05
4.537030517862299431e-05
4.441633931376249487e-05
4.450426527994818821e-05
4.519296609193625082e-05
4.536250334351778251e-05
4.545989822250127369e-05
4.459880032508046138e-05
4.493211755766070487e-05
4.469844465053534986e-05
4.477078226642587785e-05
4.538564613341333428e-05
4.442772803066531484e-05
4.418660077013790183e-05
4.474372183933635934e-05
4.552575043269255125e-05
4.537024175295540360e-05
4.421659157400974725e-05
4.481591400502788993e-05
4.498480715288190074e-05
4.528109843955821756e-05
4.461860962777275440e-05
4.415119304961029204e-05
4.527421790030776970e-05
4.597492459001846331e-05
4.518893114786858305e-05
4.462909091495099865e-05
4.523325215683958998e-05
4.425357510055072982e-05
4.520368277617113276e-05
4.537206340032031132e-05
4.448246199036901428e-05
4.458381567448110693e-05
4.425641907491663265e-05
4.536448828518491714e-05
4.595866628818206698e-05
4.406173349009658594e-05
4.504260450056216255e-05
4.497133310556815345e-05
4.448205949371575221e-05
4.541428444629753937e-05
4.399489305403284366e-05
4.455643350810452048e-05
4.519973406173380078e-05
4.494169488554628915e-05
4.547540106413416796e-05
4.451466798251941007e-05
4.447660838126669611e-05
4.499716362742450619e-05
4.556281770656454394e-05
4.430452759298700012e-05
4.415322986146159314e-05
4.492334356107633353e-05
4.571457733384571838e-05
4.518220794529884034e-05
4.521493826907717692e-05
4.480886704367653591e-05
4.438842216367038434e-05
4.544669518105655804e-05
4.536624246202786435e-05
4.448503131259520858e-05
4.458564044467200739e-05
4.425424530472168538e-05
4.536435840605333833e-05
4.596127805862095108e-05
4.372354769920500762e-05
4.489677260464452547e-05
4.511475937685762133e-05
4.515166102494862704e-05
4.474446660846954503e-05
4.416116254431767254e-05
4.490910845328465568e-05
4.523975616868289101e-05
4.446598191592160713e-05
4.541800987267909486e-05
4.492356150521528620e-05
4.407567411149780411e-05
4.552162841956111227e-05
4.501405943752323513e-05
4.466479830976173186e-05
4.422234156944313758e-05
4.487537420164058703e-05
4.597289516058502038e-05
4.452920498606603781e-05
4.521472490411822953e-05
4.481348185815743260e-05
4.438603621237326749e-05
4.543945214877390321e-05
4.509840634398243613e-05
4.439189015003731453e-05
4.457404211600338341e-05
4.475945875291922058e-05
4.536138836187565964e-05
4.546183069495124553e-05
4.459500097439442288e-05
4.493711973069511908e-05
4.470200589249304996e-05
4.477024111356076453e-05
4.538644186731942887e-05
4.442696985666604482e-05
4.454874600793733066e-05
4.474316696254285311e-05
4.543699037034978574e-05
4.576380851739213131e-05
4.381527626971875808e-05
4.530021979725545932e-05
4.498832778510516712e-05
4.515670849325031369e-05
4.474272304483659535e-05
4.414866078201502711e-05
4.490683333463951418e-05
4.519802518142532796e-05
4.494039918741882451e-05
4.547556476026164222e-05
4.452521531621160181e-05
4.447270168264219012e-05
4.499662158494939263e-05
4.516726710572327121e-05
4.465855146608917517e-05
4.421869028712930536e-05
4.487592514363500568e-05
4.597330032559888464e-05
4.452591133776943454e-05
4.521452444039098049e-05
4.444639073794748508e-05
4.469258743670779621e-05
4.520740134582973516e-05
4.536683860716015347e-05
4.448256912208327390e-05
4.458397331287813952e-05
4.425427100007182988e-05
4.536128752705743548e-05
4.596107868042879945e-05
4.406976870587696175e-05
4.504505472717234481e-05
4.498328033488215868e-05
4.448425416175615175e-05
4.541496977061538294e-05
4.399594386666350602e-05
4.454475044349732766e-05
4.518259494438907814e-05
4.506303235672408315e-05
4.573159360205481200e-05
4.422027817423887237e-05
4.485255124413802696e-05
4.499927270999158635e-05
4.490757311202465713e-05
4.466326834048921544e-05
4.421648337937135199e-05
4.487583029156800901e-05
4.597083142309329784e-05
4.452595858305741152e-05
4.521690117223632334e-05
4.481285825743909392e-05
4.438744594060997363e-05
4.544074257993707395e-05
4.509590248074569411e-05
4.438338180939478819e-05
4.458333782784445099e-05
4.425467130696713447e-05
4.536425185574549559e-05
4.579343887753017028e-05
4.371843639035522509e-05
4.489278818783195354e-05
4.549220044771751741e-05
4.448136928554240871e-05
4.492260065689816307e-05
4.414605695110978320e-05
4.490534522507724199e-05
4.519777662000392326e-05
4.505892587110759372e-05
4.573199976728125720e-05
4.421876459364615722e-05
4.481514941468009509e-05
4.498491951148605837e-05
4.528162113476969891e-05
4.421378575255961442e-05
4.414839679174976451e-05
4.487820532668769936e-05
4.597209973904703136e-05
4.466511068787519322e-05
4.550827842684784655e-05
4.442283057113159521e-05
4.469326275650336406e-05
4.476692246560266098e-05
4.538802640349820950e-05
4.442987581793350090e-05
4.458873498622932925e-05
4.484955287318983326e-05
4.591781198172852578e-05
4.578904457248213049e-05
4.371779713533202122e-05
4.489823809476720535e-05
4.548864300576982016e-05
4.653031894994891395e-05
4.347872287614289584e-05
4.377974636786818722e-05
4.490652897575734827e-05
4.519637625322367848e-05
4.505789982897328151e-05
4.549595154885096855e-05
4.451607301109412418e-05
4.447732508979462368e-05
4.499546381709717511e-05
4.556472574492444959e-05
4.429947076522079577e-05
4.414768331436161894e-05
4.491878392034432082e-05
4.571051251574508858e-05
4.492390172921518544e-05
4.541878186233518116e-05
4.491941044903737602e-05
4.407261708374504499e-05
4.551780176644191198e-05
4.501028165366471022e-05
4.466517351715495630e-05
4.422208461200542203e-05
4.481673878936777563e-05
4.560726572994736321e-05
4.505310181432266943e-05
4.521150700890102695e-05
4.481014134664385479e-05
4.438568509474795679e-05
4.543884660149690867e-05
4.509887945015800986e-05
4.438761974557353868e-05
4.457762543698500217e-05
4.475784884422097230e-05
4.536170165246627322e-05
4.559001639728306975e-05
4.462553306819832768e-05
4.480102803287525629e-05
4.469051313906143491e-05
4.520017317433695900e-05
4.536842834145813833e-05
4.448388004248150231e-05
4.458375258242781018e-05
4.425206158232925186e-05
4.575769921913261536e-05
4.596386148978822518e-05
4.406506583563603449e-05
4.504515056769074798e-05
4.497436663101685324e-05
4.447781735806810409e-05
4.544142794434197148e-05
4.443041659183126247e-05
4.454794998259423622e-05
4.474001212220665567e-05
4.591921787948381511e-05
4.578712390597236982e-05
4.372490178394684965e-05
4.489597358172571907e-05
4.549030949119441130e-05
4.448041131702501678e-05
4.502912623873764228e-05
4.415102508401296932e-05
4.490515906087518672e-05
4.520096114353176889e-05
4.542888472571125704e-05
4.547427422102382334e-05
4.452382185369245542e-05
4.447499446425814225e-05
4.499699965055489368e-05
4.516405661586462157e-05
4.508215447209712093e-05
4.422212424259567437e-05
4.487631194007654786e-05
4.597145795207204031e-05
4.464467057376301612e-05
4.521772878958525070e-05
4.444717812363894300e-05
4.509839650156053503e-05
4.476421532676146044e-05
4.538946267614134549e-05
4.441986184748637892e-05
4.465818730747741512e-05
4.485563589680958415e-05
4.545467563300311915e-05
4.547662966959797312e-05
4.452416709796665781e-05
4.407144048680286113e-05
4.552070412974760258e-05
4.501355255982245290e-05
4.444528672330826888e-05
4.450134713823962137e-05
4.482512338782020306e-05
4.560139344646698821e-05
4.531023348736737801e-05
4.462792071493744910e-05
4.486858671840522866e-05
4.469892316439617560e-05
4.476577788445328533e-05
4.538876834193838556e-05
4.420749382905104835e-05
4.454533702111815405e-05
4.474354928189275813e-05
4.530024354558832904e-05
4.545938762763988573e-05
4.421735757586714352e-05
4.481526366070231744e-05
4.498341889619499994e-05
4.521160672004343915e-05
4.470887999208171927e-05
4.422413840260713965e-05
4.487679906332538350e-05
4.597251950598835765e-05
4.478751655210818570e-05
4.462491963028334069e-05
4.486999194441401218e-05
4.470492589913078736e-05
4.476330668269318887e-05
4.538722912988310792e-05
4.420535200173915244e-05
4.454937125003285514e-05
4.474581152437693318e-05
4.591427091256215342e-05
4.539750542137144126e-05
4.382337946900843173e-05
4.529975189333202784e-05
4.498851580210266632e-05
4.515209446296941957e-05
4.474139350453013259e-05
4.377330076485548766e-05
4.502196831024445441e-05
4.563884738402903369e-05
4.458890221012048311e-05
4.541696796437844427e-05
4.453089795889140942e-05
4.447230307344576534e-05
4.552002291543202808e-05
4.539849050563884720e-05
4.441714196832069695e-05
4.457506664820563044e-05
4.476204225595561395e-05
4.535821495865775490e-05
4.557756897267125175e-05
4.459228579934645150e-05
4.493225213841342905e-05
4.470156194238718566e-05
4.476270599732962423e-05
4.514305352848535307e-05
4.413188186081362928e-05
4.494887495617731814e-05
4.519150633888628697e-05
4.505233242254886027e-05
4.548183726271001640e-05
4.452158767712404883e-05
4.447694588721736673e-05
4.499826420515185482e-05
4.516088610627985809e-05
4.470919651175574925e-05
4.415254945237501681e-05
4.482296827901495007e-05
4.520592814698170750e-05
4.557961417346644353e-05
4.408422607681538338e-05
4.504615272351673042e-05
4.497535252127567509e-05
4.447753017544654188e-05
4.543896968556012750e-05
4.413055674033423324e-05
4.454514142431564611e-05
4.517887914327662382e-05
4.545223853310784157e-05
4.545807155630603717e-05
4.421625252718849609e-05
4.492295789286766090e-05
4.499753094753138657e-05
4.516011831718284148e-05
4.470649498789537330e-05
4.421610936521529379e-05
4.487879666948527721e-05
4.596650465874766583e-05
4.464587126714107906e-05
4.521479588230570902e-05
4.480210203818394169e-05
4.438414835764528150e-05
4.543324566688255843e-05
4.509403543511316238e-05
4.451383098175088393e-05
4.458265104443921278e-05
4.424939510810489387e-05
4.587042998573159026e-05
4.556301569726675980e-05
4.406163592518834611e-05
4.489171004252599708e-05
4.512101717077407026e-05
4.514147665391487905e-05
4.473551679056769401e-05
4.377083392143133540e-05
4.501540824267324996e-05
4.563045319590456613e-05
4.458157157949711063e-05
4.541260302175007923e-05
4.451586258588507430e-05
4.446492274746590681e-05
4.551301171999151657e-05
4.500303107348069167e-05
4.443563174598473222e-05
4.449497438485680123e-05
4.481669399292591722e-05
4.571316119987238724e-05
4.606918660956681091e-05
4.404941374282610330e-05
4.503796624684092365e-05
4.547673014290363992e-05
4.510913064383937249e-05
4.473437788664980330e-05
4.376287172633634411e-05
4.501639543714246004e-05
4.515347231736945293e-05
4.490259669424505790e-05
4.550195201618487627e-05
4.445024501095637778e-05
4.474767402360393584e-05
4.522672786462870727e-05
4.537826407077310648e-05
4.420124764384209784e-05
4.453666991636571636e-05
4.486623773081481801e-05
4.553827688964066797e-05
4.547029001815471803e-05
4.450876819315456991e-05
4.449681848054039165e-05
4.550939884530580257e-05
4.508059707025253499e-05
4.404142550893745927e-05
4.458343321354590427e-05
4.473337638616309519e-05
4.590521788970123793e-05
4.544972122446340273e-05
4.420471800244253440e-05
4.440469085401058569e-05
4.550548303576925279e-05
4.535928879363829256e-05
4.450460516453951215e-05
4.446160601912394167e-05
4.472018717980055476e-05
4.536449386147239579e-05
4.596053511402579717e-05
4.380030773604818586e-05
4.529263862463590677e-05
4.497739095386610938e-05
4.523453596726399989e-05
4.469583180896732525e-05
4.377406839003182874e-05
4.487661279996773373e-05
4.596218743036513101e-05
4.463567313832272632e-05
4.521053146302171253e-05
4.479994928611699445e-05
4.438317334022591297e-05
4.546707722516892409e-05
4.541163898085295988e-05
4.419487633886131104e-05
4.417123118360996283e-05
4.517085566955460988e-05
4.543892191496279450e-05
4.545043118190809700e-05
4.423516822306928988e-05
4.443007962689603257e-05
4.534977752976370016e-05
4.538095454880268102e-05
4.412105452574267871e-05
4.453447662633199368e-05
4.516837715724365354e-05
4.544353255036899557e-05
4.545372653220235360e-05
4.421385178030171937e-05
4.447757726121602263e-05
4.566654830212755030e-05
4.509246382991129545e-05
4.451088199552988029e-05
4.457769608117442757e-05
4.425349722642550425e-05
4.602481064386336116e-05
4.539549566123290481e-05
4.380972995139846625e-05
4.529569969430934047e-05
4.447297508235925390e-05
4.524691068350808964e-05
4.470660746267537158e-05
4.421631618048169017e-05
4.487431183576975538e-05
4.532328781198903734e-05
4.530330597835107131e-05
4.521575330713994013e-05
4.481027882129733520e-05
4.438212237666045752e-05
4.509611760097886473e-05
4.501237405171205777e-05
4.412962509649479990e-05
4.454477618807096907e-05
4.517791582361182991e-05
4.544964602602173155e-05
4.546156554377575457e-05
4.421720914069912368e-05
4.442009601731184998e-05
4.504648887045374395e-05
4.566079338128279676e-05
4.451819474120393967e-05
4.458666351740591180e-05
4.425256434038089321e-05
4.587594492241608708e-05
4.557074228346400289e-05
4.407135189014376537e-05
4.504320146058951200e-05
4.498150196560986774e-05
4.515459941507829776e-05
4.470671554607292988e-05
4.377525246635408362e-05
4.491690947204487647e-05
4.570870048443818499e-05
4.491432676331604852e-05
4.550924772606410951e-05
4.446747409604821983e-05
4.443469707978766616e-05
4.534618129676602056e-05
4.541897284202707410e-05
4.414611178617341058e-05
4.459033263312496776e-05
4.473144014292037006e-05
4.537487193253424752e-05
4.604597309208767247e-05
4.372002740805388247e-05
4.489150494932831636e-05
4.498547832611648502e-05
4.524052701352570209e-05
4.470629829200276068e-05
4.407483486876613208e-05
4.487806956221838473e-05
4.532359017543661041e-05
4.530243116690801838e-05
4.521778182788243423e-05
4.479942130408119682e-05
4.438434416515506166e-05
4.509517464226224135e-05
4.538425630226152336e-05
4.420578136620845807e-05
4.454705384501968940e-05
4.474127248790554806e-05
4.591671043143579904e-05
4.540181662665627896e-05
4.381374819877223404e-05
4.529930261559142717e-05
4.447615980301745681e-05
4.524718993150584831e-05
4.446007096926502878e-05
4.450002953238067522e-05
4.482453079741110049e-05
4.560334349663432466e-05
4.530970363577340864e-05
4.462509731501967697e-05
4.479696638958467785e-05
4.469113848705280162e-05
4.481838751256923728e-05
4.543676383373335484e-05
4.412914728483121278e-05
4.454391656730386986e-05
4.518199607082366831e-05
4.545167302328697201e-05
4.545803928472770354e-05
4.421868121093320506e-05
4.481151994392885583e-05
4.459055501394291093e-05
4.552797989572764255e-05
4.444190646532562882e-05
4.449871158064653155e-05
4.482574668278713231e-05
4.560351044485365238e-05
4.530841806165126324e-05
4.462590215110666072e-05
4.479694644535077783e-05
4.469097063898722956e-05
4.481938488901279739e-05
4.543917468895313221e-05
4.413235198694140133e-05
4.455081651470099767e-05
4.519657215717526121e-05
4.505279277959848064e-05
4.536199087412931069e-05
4.463835608850326989e-05
4.446727961257499606e-05
4.574232252394328597e-05
4.541723505761440031e-05
4.413895873671786700e-05
4.459137850707016286e-05
4.472887140964257400e-05
4.537406547469408308e-05
4.604415775956731318e-05
4.372669828326023557e-05
4.529957914078552742e-05
4.447271198912145228e-05
4.552673688403801168e-05
4.444525992494648077e-05
4.450248202937022403e-05
4.482619540001555214e-05
4.560178254807633290e-05
4.530923281937714942e-05
4.462571712962423205e-05
4.526454231998238451e-05
4.456222428895837545e-05
4.496391508924320763e-05
4.501699881783869701e-05
4.387094219279826684e-05
4.491981297145857975e-05
4.570934162357466983e-05
4.491426241569733695e-05
4.550834560948531081e-05
4.485365109252024312e-05
4.438822690019609006e-05
4.509845736016028381e-05
4.538579631908081874e-05
4.390598127148264931e-05
4.454634186833233902e-05
4.517996114759779269e-05
4.545189825384388077e-05
4.546034928045517346e-05
4.421806686397090555e-05
4.488065737677596347e-05
4.533726231681917541e-05
4.509668898334187191e-05
4.451824618797917181e-05
4.458742149465617910e-05
4.424985012994401006e-05
4.587150674158006183e-05
4.556631965543867169e-05
4.372112079256138185e-05
4.489314035792975192e-05
4.498760432077566004e-05
4.524088448267571990e-05
4.470769072250789424e-05
4.378167851266751237e-05
4.492098223570567745e-05
4.570727352372506026e-05
4.491394096759480562e-05
4.551013288200916440e-05
4.491213647460873357e-05
4.456637849880949037e-05
4.496033436569386789e-05
4.541263361432697221e-05
4.377477810362866660e-05
4.494797673951706130e-05
4.516096156831928698e-05
4.507137997354416131e-05
4.541852623750045244e-05
4.452935391023722341e-05
4.446913991347937941e-05
4.566240548345549172e-05
4.509837670261279577e-05
4.451241414929081993e-05
4.458549341508696043e-05
4.424956980945670142e-05
4.587782342351851261e-05
4.556920727492274730e-05
4.407207978603263997e-05
4.504090500752967367e-05
4.712256896889162094e-05
4.322050032489504248e-05
4.474345868391011702e-05
4.377026601736159063e-05
4.502313556105651303e-05
4.516388170560559523e-05
4.506735935176331252e-05
4.541647165545076618e-05
4.453437516068855026e-05
4.446995169788354926e-05
4.566157558211484302e-05
4.509714819250870520e-05
4.451745400402800360e-05
4.458585900068624981e-05
4.466280229265584724e-05
4.537460355061596873e-05
4.604792011028488718e-05
4.372356967974890495e-05
4.489365844477247939e-05
4.498850967896632591e-05
4.517280009834928915e-05
4.470707491696232022e-05
4.421646638646270521e-05
4.487709987310247492e-05
4.531929571317514264e-05
4.530289062576567009e-05
4.521776994351429051e-05
4.481323064956537112e-05
4.438605745636775286e-05
4.509802679062378388e-05
4.538725365902204116e-05
4.420528958538779530e-05
4.454727794059418385e-05
4.474344129598878015e-05
4.530103075854435802e-05
4.506497509549891391e-05
4.422360915926403316e-05
4.481491426115601426e-05
4.459506091992961903e-05
4.583041859350974866e-05
4.441545161016996967e-05
4.500808264325148841e-05
4.425511247278880234e-05
4.586942596970286078e-05
4.517594038310462489e-05
4.459672413372254668e-05
4.493235870511165747e-05
4.456636685100852119e-05
4.496452289373086269e-05
4.474526094310035847e-05
4.377381070268617137e-05
4.502072072404281005e-05
4.516366993636344521e-05
4.453327655819855813e-05
4.541704081522338228e-05
4.452978501802918514e-05
4.447041057867113844e-05
4.566694246989918095e-05
4.509910912294547148e-05
4.452086200771198288e-05
4.458515663690510074e-05
4.425485642211396501e-05
4.587890272470366730e-05
4.529370504238564054e-05
4.447576896571818510e-05
4.493187336988375215e-05
4.456612860103665956e-05
4.555333352096074985e-05
4.474435240707012288e-05
4.377155308182160488e-05
4.502105250007707495e-05
4.516210234898702507e-05
4.510523427411169587e-05
4.536269195711348522e-05
4.417791454993673828e-05
4.447165412559726339e-05
4.566660199261157515e-05
4.509702150765891343e-05
4.446051675062138992e-05
4.459065722914460673e-05
4.473031011640288105e-05
4.537532205626175041e-05
4.536457380232625231e-05
4.407269940189860680e-05
4.489722318367096032e-05
4.498586018616992335e-05
4.516877474960752511e-05
4.471106721507063297e-05
4.421986910702255371e-05
4.487939235169449080e-05
4.532192645594610748e-05
4.470533343293861469e-05
4.541666702041931969e-05
4.459599604129175197e-05
4.443517168518918131e-05
4.534759237892985607e-05
4.511891711879135552e-05
4.420475264386862816e-05
4.455006425805740374e-05
4.473937688339984771e-05
4.591621301951932690e-05
4.508756751910831742e-05
4.406983857124640582e-05
4.504278066181414367e-05
4.447311322943211631e-05
4.523973941207325492e-05
4.470758550967216319e-05
4.418871749286623819e-05
4.487747610756245701e-05
4.532246936993979694e-05
4.470808670213479005e-05
4.541593131457322856e-05
4.453228766158519189e-05
4.430871689606135749e-05
4.509316948595293816e-05
4.538817535345591049e-05
4.420745821377269625e-05
4.454346555159605005e-05
4.474138353062347649e-05
4.591633669238890671e-05
4.508867138612316212e-05
4.406384565792692570e-05
4.504158049634141654e-05
4.447211470928267153e-05
4.524042997533889675e-05
4.470727575862229399e-05
4.378234840824898991e-05
4.491999217673266719e-05
4.571008357313482317e-05
4.461716835182539674e-05
4.536228631746965563e-05
4.464057659582810334e-05
4.399298195045073544e-05
4.566878977590209051e-05
4.509645414216817671e-05
4.451729480772241083e-05
4.447200310238301225e-05
4.472885484394815368e-05
4.537240460842734092e-05
4.536385312621954999e-05
4.447472681660316737e-05
4.493418727794915751e-05
4.498590328255281068e-05
4.511260843221995493e-05
4.474001439223210475e-05
4.372230535202784171e-05
4.491866683766314441e-05
4.571146919440890094e-05
4.461931067942093826e-05
4.535978442937936653e-05
4.463758051927785086e-05
4.398858544486951007e-05
4.551588219690791946e-05
4.536840314569215286e-05
4.441250188809996223e-05
4.493010018642849444e-05
4.425475426834491935e-05
4.587827971124480415e-05
4.485473853355412396e-05
4.462654265990676595e-05
4.480528164893688174e-05
4.470152290149753070e-05
4.481722301549471071e-05
4.543806615786945340e-05
4.413306622277843327e-05
4.490413590272559222e-05
4.519832208381175943e-05
4.505753564519663338e-05
4.543418333045071362e-05
4.381614447700695240e-05
4.479724455852906561e-05
4.470564220413898835e-05
4.578837870533923284e-05
4.441212403952044332e-05
4.492551310498237239e-05
4.425375236767702775e-05
4.587566622189492968e-05
4.485446291844941038e-05
4.462736973897787662e-05
4.480390775389761460e-05
4.469280826518133863e-05
4.477418517608957910e-05
4.541568639573241866e-05
4.361140443116292957e-05
4.502165987337251158e-05
4.515997599398827069e-05
4.504624572138582700e-05
4.545686045947513543e-05
4.421656170223063148e-05
4.440932854824312383e-05
4.499860435022714171e-05
4.552105307890161204e-05
4.444779483289781235e-05
4.478873504541370132e-05
4.438711642138381175e-05
4.616411405198831309e-05
4.485877157643809314e-05
4.462633803081941634e-05
4.480387304302454988e-05
4.469467858494285126e-05
4.481923850060248580e-05
4.543815018497109564e-05
4.412135287728340366e-05
4.490712640755963346e-05
4.474280437851641738e-05
4.505119617872480801e-05
4.545419846191346355e-05
4.421365344512537981e-05
4.440798165515399813e-05
4.551446570489124074e-05
4.562724584953289952e-05
4.414746140544713012e-05
4.454878101559049263e-05
4.474339738949770706e-05
4.543137490550554485e-05
4.505260532214999095e-05
4.381432896990394794e-05
4.479151997410676629e-05
4.498029634383896692e-05
4.524213626024338887e-05
4.470906282442558839e-05
4.450019425248213911e-05
4.482585773533532533e-05
4.520043642227969058e-05
4.471893370560635648e-05
4.521524173420843568e-05
4.477671217717198480e-05
4.468988786227668573e-05
4.481179978249670814e-05
4.591928921733288169e-05
4.361855085709763599e-05
4.502323932717777142e-05
4.516174015714146533e-05
4.505362105907937157e-05
4.545591065812676519e-05
4.421281540026833197e-05
4.441109400441554478e-05
4.499381406944346192e-05
4.591234990644027882e-05
4.441432568034616129e-05
4.447318149768832418e-05
4.472966072113272479e-05
4.537150001783574665e-05
4.536641867523482713e-05
4.447066679286115971e-05
4.493455651907374477e-05
4.456110678459440047e-05
4.492986688636439892e-05
4.541184741485784505e-05
4.372886721723819145e-05
4.491584584096002349e-05
4.570825124237111551e-05
4.462206267760738794e-05
4.536756015264034446e-05
4.463012912026065109e-05
4.399240622400279490e-05
4.550792428688511674e-05
4.584128359997527425e-05
4.441828526267344848e-05
4.497741463715687084e-05
4.473542736986709320e-05
4.537323891152272073e-05
4.536657950886736521e-05
4.410155236980150666e-05
4.504598474303772321e-05
4.497716146606301336e-05
4.493349264702953293e-05
4.540743791435525756e-05
4.372476074532512301e-05
4.492045417707632925e-05
4.520914848166768951e-05
4.471027384746123148e-05
4.581091955175206859e-05
4.446814725761436839e-05
4.430962211695583630e-05
4.587111256527230419e-05
4.548768238963489042e-05
4.407296616075409031e-05
4.454394904097718351e-05
4.533374745494917298e-05
4.505098223812655905e-05
4.503876791164486735e-05
4.422356621184119342e-05
4.440746569782208530e-05
4.499018946395375018e-05
4.625919382362915592e-05
4.490948726015048134e-05
4.447392504235898224e-05
4.473116618166996964e-05
4.537639421677984626e-05
4.536514838937484053e-05
4.422394629957519861e-05
4.489810458532099717e-05
4.497896924636355715e-05
4.559851845428624967e-05
4.483056020512812497e-05
4.407516087654529463e-05
4.487586344111924182e-05
4.531745411227432072e-05
4.471210148184088330e-05
4.541673364256757465e-05
4.453135278565517190e-05
4.435976772890736359e-05
4.559804257723171103e-05
4.574622762029839515e-05
4.451722829431599491e-05
4.447158500486739880e-05
4.473166048535608032e-05
4.553231467484008296e-05
4.509895181947780232e-05
4.405463514180606735e-05
4.504535080773271638e-05
4.497350589922230560e-05
4.493142929018318862e-05
4.540462706230612014e-05
4.372263471290722497e-05
4.520063647534444169e-05
4.532159384698255633e-05
4.470831776827158190e-05
4.541812625774462709e-05
4.452371199584350238e-05
4.435740174452138039e-05
4.560449419669758149e-05
4.574687624011052517e-05
4.451745348666894626e-05
4.447259436097285030e-05
4.473135328812636967e-05
4.536984672547837933e-05
4.509637229943448927e-05
4.406451375788859805e-05
4.504729735415211544e-05
4.497452112339197713e-05
4.493032304879909479e-05
4.540667513185788834e-05
4.371951131938591975e-05
4.491809414726206809e-05
4.570719347085148949e-05
4.403743052809242333e-05
4.541954011231311681e-05
4.486480837635926922e-05
4.431127103111289346e-05
4.587639351380271929e-05
4.548720553569721983e-05
4.414584144625505841e-05
4.454631822756686667e-05
4.474005335960684864e-05
4.528339626645991241e-05
4.555407921342363980e-05
4.371201909569649783e-05
4.489388730835906983e-05
4.497904328350389437e-05
4.559799626262520995e-05
4.474272512703011669e-05
4.449427606457115070e-05
4.438735398989798904e-05
4.611612684578722093e-05
4.470323614301233909e-05
4.447275762678942019e-05
4.493504896962578131e-05
4.455879200726017261e-05
4.544607314692409677e-05
4.540690195554029706e-05
4.372133766078616259e-05
4.480345429402565424e-05
4.532051650533265786e-05
4.444141674268946724e-05
4.550904061062956542e-05
4.446275189287015879e-05
4.430847890700001106e-05
4.587550273418437765e-05
4.548738487066303582e-05
4.414487579583246501e-05
4.454657073279418554e-05
4.474113237025262123e-05
4.528566122884160295e-05
4.555181315234884553e-05
4.370812873152430338e-05
4.439743435047723171e-05
4.497734758649988592e-05
4.572484342940906228e-05
4.471012528122123952e-05
4.450302335534405031e-05
4.482357539679623709e-05
4.559578592481308972e-05
4.416787677688140286e-05
4.521848553326315780e-05
4.480358453377501868e-05
4.424929441493585396e-05
4.521493008290384619e-05
4.552156733238509100e-05
4.396950148870210567e-05
4.506243858324372081e-05
4.519707909131495324e-05
4.445444521996075706e-05
4.546036361343640004e-05
4.421329347812522293e-05
4.393937620850088945e-05
4.551204353486690811e-05
4.584168562679613173e-05
4.441797089389951591e-05
4.493115279696017079e-05
4.425362778203772377e-05
4.587304829325744717e-05
4.469957977577047024e-05
4.447249949484494407e-05
4.453978007838966223e-05
4.497489617309036051e-05
4.492858070054744956e-05
4.540636812132598253e-05
4.372390631389153802e-05
4.492055298535346162e-05
4.570778406684862548e-05
4.403652015350267748e-05
4.541447020770175697e-05
4.453165401650342736e-05
4.424105050143339006e-05
4.587253730853427811e-05
4.548565708328826819e-05
4.414521450935676142e-05
4.455153192268206970e-05
4.474456697449067603e-05
4.528626191800131853e-05
4.555323973677835093e-05
4.372270068564764530e-05
4.439717821462493060e-05
4.497652717600860068e-05
4.572618590348598050e-05
4.470998686623922847e-05
4.450162559947460814e-05
4.482585862800466628e-05
4.559953986197503136e-05
4.417110656017163062e-05
4.521720382767766119e-05
4.480576089492366266e-05
4.424954687990533670e-05
4.521082410556243297e-05
4.552028707752617075e-05
4.397413759969026430e-05
4.506289567613330787e-05
4.516466588749955567e-05
4.406236251992462141e-05
4.541658882988135204e-05
4.452092549368356249e-05
4.436473914535795423e-05
4.545465644453985509e-05
4.551895711751516722e-05
4.397284700334198079e-05
4.506047524829298189e-05
4.519740532812722365e-05
4.445178615911946432e-05
4.546034243782938971e-05
4.421387743348839335e-05
4.394216581552975748e-05
4.551063479058711612e-05
4.584550263085427474e-05
4.441433505025306380e-05
4.492500583539769070e-05
4.425573584715431646e-05
4.587220103227534384e-05
4.470517262574567473e-05
4.447883005023705704e-05
4.454053787348683592e-05
4.711730356902170950e-05
4.306284288176507788e-05
4.540355915715184684e-05
4.372214379641613908e-05
4.491862239123318914e-05
4.570413646987472932e-05
4.475990476224602914e-05
4.521852080738231400e-05
4.481414595949134819e-05
4.425406386507675394e-05
4.521216374272663961e-05
4.552045674898704583e-05
4.396664997178728097e-05
4.506182646838730597e-05
4.519738755981131840e-05
4.445407356229568455e-05
4.546229778598757264e-05
4.421320496967305510e-05
4.393754044212700056e-05
4.551166947943803114e-05
4.584031306157462413e-05
4.441251069516853492e-05
4.493096434154576356e-05
4.425282346436452280e-05
4.587308902293123122e-05
4.470175379770722796e-05
4.447671278757149192e-05
4.454173442697549916e-05
4.497906920892613089e-05
4.493512765651006018e-05
4.540831982022102960e-05
4.373030919798925718e-05
4.491853484538046727e-05
4.570662956435107621e-05
4.403395833552435054e-05
4.589476173157861578e-05
4.446920360429305663e-05
4.431864562720809985e-05
4.545909634157624331e-05
4.550528974491562016e-05
4.412520042166553279e-05
4.454660440311420343e-05
4.517993805195078189e-05
4.491295386905207003e-05
4.513150364411535053e-05
4.421487689085297382e-05
4.393582089444414104e-05
4.551249898691421406e-05
4.584256210932818561e-05
4.407086832484927592e-05
4.478647484670929030e-05
4.438451893301423605e-05
4.586882611120123119e-05
4.470765149608978037e-05
4.447545686019320087e-05
4.454135244988507904e-05
4.497969495145789568e-05
4.492818382566097249e-05
4.543917256906046477e-05
4.372642741840100026e-05
4.492018299295306955e-05
4.570902654838873046e-05
4.403488439373085521e-05
4.541795918536767075e-05
4.446989931016759171e-05
4.430630990508622487e-05
4.587750947187869429e-05
4.512020132423795585e-05
4.451532780072664302e-05
4.447512208215346531e-05
4.473132760959769641e-05
4.536652429475500993e-05
4.509768397543909024e-05
4.406272387827206823e-05
4.454763310955382223e-05
4.546895554324150915e-05
4.493289540794817512e-05
4.543869142966152610e-05
4.361614408981468225e-05
4.502123631881132289e-05
4.570927237137929484e-05
4.403639134930082858e-05
4.541616435987520420e-05
4.453434301892913565e-05
4.434983759537595668e-05
4.561081613577838961e-05
4.574947598649507677e-05
4.404885766589800087e-05
4.482131708719718042e-05
4.473179769238254183e-05
4.537017164672648957e-05
4.510156053375855630e-05
4.406413281402337334e-05
4.454861163778496959e-05
4.546968674007150141e-05
4.492990386487285003e-05
4.543481711696408334e-05
4.361586535162645758e-05
4.502139279671315295e-05
4.516242091543385404e-05
4.450011114917093284e-05
4.484636362525390094e-05
4.453360375416699069e-05
4.462987461748881419e-05
4.587996328017186819e-05
4.512062702773479635e-05
4.451420970897190918e-05
4.447530215637261216e-05
4.472806599955464013e-05
4.537264101499328148e-05
4.492676508032025410e-05
4.371277452149024186e-05
4.488929780048347485e-05
4.498072643829299620e-05
4.517323790419913748e-05
4.472992149440253753e-05
4.407068566395304073e-05
4.525025992885010656e-05
4.571895672616825763e-05
4.456941201525468395e-05
4.447808300729004370e-05
4.404269272236651181e-05
4.546897921643500092e-05
4.493301888023184881e-05
4.540921121235305956e-05
4.361128637898926150e-05
4.502132068298471206e-05
4.570987957582594370e-05
4.403580789868785758e-05
4.541777379227101045e-05
4.489124790980551880e-05
4.429973994518500294e-05
4.587921343079998289e-05
4.509145893697608803e-05
4.404109034623177147e-05
4.492883982713596295e-05
4.477114354213790841e-05
4.537117149406468659e-05
4.509941653963304330e-05
4.406606721182843673e-05
4.454405133217561723e-05
4.543300468548543559e-05
4.560100596082905186e-05
4.476883966670360779e-05
4.357920066947945035e-05
4.502349167540181435e-05
4.570655669393073245e-05
4.403530951001089031e-05
4.541515804559934473e-05
4.452931711047467250e-05
4.434633697987758763e-05
4.561033634794410378e-05
4.535743044141464828e-05
4.407831029895225748e-05
4.485234568263523014e-05
4.477393913642243028e-05
4.536794832515109421e-05
4.549961278553232445e-05
4.371429274102713372e-05
4.488984558235918816e-05
4.498504110723894095e-05
4.559842194045969654e-05
4.476925854787276558e-05
4.361145833324767021e-05
4.502128259827708329e-05
4.571168875456408016e-05
4.403573093993461759e-05
4.541983334534741332e-05
4.452904479001516878e-05
4.435079688669779733e-05
4.561351370594483271e-05
4.536351693422118326e-05
4.407807199627833790e-05
4.486201592411823038e-05
4.477172549841891818e-05
4.536839218994779806e-05
4.509890588674912595e-05
4.406532820226791332e-05
4.454987063558626584e-05
4.547086497038318423e-05
4.493601551561717721e-05
4.494851358994272065e-05
4.396903063152150142e-05
4.506088455235520991e-05
4.526820296599404247e-05
4.450184787816643261e-05
4.536235264323534286e-05
4.423005095677452081e-05
4.440726801373916916e-05
4.551463746661334815e-05
4.545723486194138655e-05
4.433300414709995122e-05
4.450320883498443852e-05
4.482695859101767401e-05
4.571629591300450240e-05
4.471997237920273424e-05
4.496720899381341025e-05
4.454255783337813081e-05
4.495138455481564117e-05
4.493003110029489776e-05
4.532328718178986352e-05
4.411971652949880218e-05
4.455451788909184808e-05
4.526889098854098415e-05
4.446973460716189543e-05
4.541746199237876294e-05
4.453186405145545025e-05
4.470091690316424992e-05
4.588532568790036701e-05
4.509235398219098621e-05
4.404337276906080913e-05
4.455126934227934956e-05
4.476478017303190472e-05
4.586858369872834400e-05
4.470639212701908976e-05
4.447700238982620573e-05
4.454110358045721926e-05
4.543195520340922782e-05
4.493491286483454591e-05
4.494975307245866700e-05
4.410530679428618201e-05
4.491079946837530561e-05
4.527350716169254379e-05
4.450282801061006358e-05
4.536376575390208655e-05
4.422710084524488318e-05
4.440077224174967472e-05
4.551285206886246870e-05
4.545868075990315143e-05
4.433053946047835398e-05
4.447428095984622365e-05
4.482547138656258813e-05
4.571382069521020343e-05
4.456730158450226682e-05
4.448248092180254285e-05
4.439219812520904670e-05
4.547671016168671610e-05
4.560179486400689589e-05
4.477181228433847412e-05
4.359849036327501478e-05
4.506535535984672894e-05
4.527231145801993413e-05
4.450301424373150349e-05
4.536233057855783806e-05
4.422921940061621821e-05
4.479849514249283017e-05
4.499659677535188744e-05
4.561059153722207691e-05
4.473588075924643059e-05
4.376437199202376927e-05
4.531127920169131484e-05
4.560062015282643431e-05
4.445454074960122280e-05
4.493942306511984044e-05
4.481448721862250412e-05
4.429764964912559131e-05
4.588672810025313798e-05
4.473605935334518243e-05
4.440571149420112658e-05
4.491218701822254284e-05
4.476726937073796181e-05
4.537483872923155071e-05
4.545979008527429048e-05
4.371947179891888844e-05
4.482771299262448432e-05
4.547422166812274626e-05
4.493718384355845959e-05
4.495056014896027134e-05
4.411109412117629843e-05
4.454566132837583842e-05
4.570554750468740375e-05
4.444951019569909784e-05
4.500083423974688627e-05
4.422827854592657624e-05
4.479604525227619927e-05
4.555171894196157173e-05
4.546382663375142784e-05
4.432933570311163948e-05
4.419823888583490694e-05
4.525207629561082008e-05
4.559773818020597099e-05
4.445282019670698012e-05
4.494061564986553975e-05
4.481484203900617028e-05
4.430291550396260787e-05
4.588669265888890522e-05
4.460305228109525809e-05
4.450812414932114853e-05
4.457354361464975668e-05
4.485125441057549359e-05
4.540721971150408413e-05
4.513074747082095300e-05
4.422522553426727127e-05
4.473314127169941018e-05
4.498417065316062425e-05
4.572892696226929927e-05
4.463875407585806619e-05
4.376336019771427373e-05
4.502536762365735607e-05
4.570969180039801945e-05
4.403751881307332524e-05
4.541594001374385774e-05
4.453815585046705275e-05
4.439353767833821340e-05
4.551966600756306662e-05
4.533845103866275008e-05
4.407717388741707080e-05
4.449074559188008146e-05
4.482348307219170553e-05
4.571775036139684705e-05
4.472083599934273526e-05
4.462604060193749812e-05
4.480692371144944977e-05
4.475641577868552499e-05
4.545941712841009350e-05
4.505351134809173531e-05
4.451437401662912440e-05
4.457432889318555099e-05
4.477236576420924174e-05
4.537063861625440219e-05
4.510207114066644006e-05
4.407481623665313551e-05
4.498130762031422641e-05
4.496352045666504577e-05
4.493619684480750799e-05
4.532892979528542596e-05
4.411885865465321879e-05
4.461606583662299251e-05
4.524868159784054401e-05
4.490815151392495949e-05
4.504337407672458855e-05
4.422642087514894079e-05
4.474015292681011964e-05
4.498646990215848389e-05
4.573422726352739350e-05
4.432673921112216623e-05
4.377312791917381833e-05
4.530703220540986643e-05
4.546535480901170597e-05
4.445445631411872511e-05
4.494027482690800301e-05
4.481788222958085429e-05
4.431460133006005591e-05
4.574872380201974704e-05
4.536918648138687008e-05
4.407953024057664813e-05
4.449281822870960009e-05
