-2.337796583013720841e+00
-2.335624288459849041e+00
-2.333666275196088158e+00
-2.331562477444057091e+00
-2.329108368464601675e+00
-2.327088840315266527e+00
-2.325279969181725193e+00
-2.323395036221484578e+00
-2.321377468036584180e+00
-2.319381391339583764e+00
-2.317464268746725509e+00
-2.315251778809117145e+00
-2.313232244555097239e+00
-2.311128142366134064e+00
-2.308674572877140285e+00
-2.306655051578113902e+00
-2.304846335651678402e+00
-2.302962165008112017e+00
-2.300943850048025929e+00
-2.298907224068332589e+00
-2.296928654543597847e+00
-2.294756249391548764e+00
-2.292685041002801682e+00
-2.290454726495763538e+00
-2.287969468679611484e+00
-2.285984325186825039e+00
-2.284062116308565038e+00
-2.281743941326354719e+00
-2.279670754553134504e+00
-2.277650609128228254e+00
-2.275570443670750009e+00
-2.273218229888737341e+00
-2.270722224228316044e+00
-2.268591722107289765e+00
-2.266434605280958525e+00
-2.264464141862484237e+00
-2.262703006218758084e+00
-2.260731564037260721e+00
-2.258567019382045071e+00
-2.256495522994373282e+00
-2.254648915228433470e+00
-2.252447852292760899e+00
-2.249946555327694053e+00
-2.247742657448227988e+00
-2.245782331201895854e+00
-2.243892606089333164e+00
-2.241935709237556917e+00
-2.239764737799910144e+00
-2.237759612762537209e+00
-2.235977679083303915e+00
-2.234023008246429853e+00
-2.231845951981193732e+00
-2.229474747598104489e+00
-2.227002984048597867e+00
-2.224919894297638923e+00
-2.223112049627072651e+00
-2.221230729820071303e+00
-2.219209378861207060e+00
-2.217209724488536704e+00
-2.215292790899553221e+00
-2.213145632451309464e+00
-2.211147165733591269e+00
-2.209041218932802142e+00
-2.206725460374547421e+00
-2.204747972810170431e+00
-2.202951195738768853e+00
-2.200964982507168877e+00
-2.198775711341551364e+00
-2.196775460922433254e+00
-2.194858555211297357e+00
-2.192711276913436702e+00
-2.190713679905484046e+00
-2.188607640234371932e+00
-2.186291428733246889e+00
-2.184314052025360109e+00
-2.182516926992156492e+00
-2.180541764401763061e+00
-2.178352396607790453e+00
-2.176341097326421004e+00
-2.174362405772968909e+00
-2.172151935200971717e+00
-2.170194032986476618e+00
-2.168087444093457883e+00
-2.165637647992485704e+00
-2.163618523746109634e+00
-2.161811295582048320e+00
-2.159932115605120995e+00
-2.157908526590712306e+00
-2.155906783610752608e+00
-2.153989933724429040e+00
-2.151842716486420670e+00
-2.149846708751305346e+00
-2.147740482844787469e+00
-2.145423366010797750e+00
-2.143445910955377620e+00
-2.141482963163100717e+00
-2.139499194100243251e+00
-2.137474909362410802e+00
-2.135472519840900585e+00
-2.133555697890610947e+00
-2.131345742110788866e+00
-2.129325973403640493e+00
-2.127218622266771941e+00
-2.124769903273061367e+00
-2.122750892193286720e+00
-2.120944025204118066e+00
-2.119066322595832386e+00
-2.116991745445716333e+00
-2.114951824737813624e+00
-2.113020120590501705e+00
-2.110798352315268023e+00
-2.108730598697332148e+00
-2.106553159407288600e+00
-2.104094403172847016e+00
-2.102187131758527450e+00
-2.100489143511237167e+00
-2.098435314756731174e+00
-2.096374356478794443e+00
-2.094517942500983665e+00
-2.092588702651994925e+00
-2.090415711818018885e+00
-2.088457864275133691e+00
-2.086349850091177682e+00
-2.083902207688168140e+00
-2.081883359622569873e+00
-2.080076904077830857e+00
-2.078200529506432748e+00
-2.076174008313917518e+00
-2.074169578090023336e+00
-2.072252840191574297e+00
-2.070105497254095539e+00
-2.068112767308802891e+00
-2.066006118057972518e+00
-2.063531895180217290e+00
-2.061449517949214272e+00
-2.059643268194038868e+00
-2.057767707885901132e+00
-2.055690883745515229e+00
-2.053649927406953068e+00
-2.051720720401658316e+00
-2.049547676013012243e+00
-2.047589855580280727e+00
-2.045481127526662668e+00
-2.043034561223254109e+00
-2.041015726036122135e+00
-2.039209732165489175e+00
-2.037334836301465391e+00
-2.035257263301305297e+00
-2.033215994616769606e+00
-2.031287464896983419e+00
-2.029063902894487015e+00
-2.026993302165319477e+00
-2.024819242684938736e+00
-2.022363469942278336e+00
-2.020455115592580064e+00
-2.018539244171196234e+00
-2.016438984057625561e+00
-2.014488178047567857e+00
-2.012208859398920691e+00
-2.010151577255757438e+00
-2.008132737927794675e+00
-2.005815059660712496e+00
-2.003708869441710227e+00
-2.001541060523560844e+00
-1.999567616592763386e+00
-1.997811051086833656e+00
-1.995677961443803605e+00
-1.993507279898789175e+00
-1.991376613089097969e+00
-1.989397843597263904e+00
-1.987296898368723364e+00
-1.984813556448783878e+00
-1.982707908096474236e+00
-1.980615904469911204e+00
-1.978696722390013818e+00
-1.976864374514951672e+00
-1.974842053865725644e+00
-1.972877695897399475e+00
-1.970809181381054209e+00
-1.968964646333592583e+00
-1.966863908004182759e+00
-1.964380401414856703e+00
-1.962274229862986941e+00
-1.960181796958503586e+00
-1.958262699923636552e+00
-1.956430506997410834e+00
-1.954408122727238295e+00
-1.952228932277128681e+00
-1.949988902896476750e+00
-1.948012007914051935e+00
-1.945808830759719887e+00
-1.943472439781646743e+00
-1.941391021719693466e+00
-1.939409775462562546e+00
-1.937481083607379695e+00
-1.935510283625173855e+00
-1.933314192796592668e+00
-1.931321948736187011e+00
-1.929296773683400579e+00
-1.927065369278269102e+00
-1.925045381102757247e+00
-1.922938025210918278e+00
-1.920648930877335570e+00
-1.918671592364582956e+00
-1.916871390645446205e+00
-1.914896713728866606e+00
-1.912705382299453305e+00
-1.910695013987790736e+00
-1.908778501240217418e+00
-1.906571668970834743e+00
-1.904551603331834819e+00
-1.902503550187248038e+00
-1.900214901244199339e+00
-1.898237673125897640e+00
-1.896437122979297341e+00
-1.894462889975685460e+00
-1.892271410873441528e+00
-1.890260599430950039e+00
-1.888344114910448956e+00
-1.886137618150023565e+00
-1.884117524960647883e+00
-1.881896130410246615e+00
-1.879334198899372588e+00
-1.877424082854804110e+00
-1.875508114168419338e+00
-1.873369640082690024e+00
-1.871270335396696183e+00
-1.869027350550930944e+00
-1.867118596700537481e+00
-1.865103467179635377e+00
-1.862789626418555278e+00
-1.860830018931444174e+00
-1.858654055317777054e+00
-1.856378006872169140e+00
-1.854462860085345444e+00
-1.852485828313974459e+00
-1.850473877348860485e+00
-1.848451423058897980e+00
-1.846589114454852965e+00
-1.844463469070793060e+00
-1.842207930994837817e+00
-1.840244146421332383e+00
-1.838072151910409513e+00
-1.836095965583919298e+00
-1.834339999031112223e+00
-1.832465222022319429e+00
-1.830403882719986441e+00
-1.828160692637630591e+00
-1.826251996041758474e+00
-1.824237975551419755e+00
-1.821923094990502090e+00
-1.819962060251566927e+00
-1.817785904439825462e+00
-1.815661959179175167e+00
-1.813906117598302448e+00
-1.812031558522657182e+00
-1.809970806593830472e+00
-1.807694950413475610e+00
-1.805722520806448239e+00
-1.803595875822227468e+00
-1.801340950847548417e+00
-1.799377867967395295e+00
-1.797178927580858288e+00
-1.795051765897447638e+00
-1.793163644614275354e+00
-1.791186884148790126e+00
-1.789173846039215032e+00
-1.787151071548931380e+00
-1.785289299328476353e+00
-1.783162129660400108e+00
-1.780907586120565878e+00
-1.778944879145487157e+00
-1.776745893196838733e+00
-1.774618896823142000e+00
-1.772730573257482511e+00
-1.770753853071698636e+00
-1.768740502150488947e+00
-1.766607170481298450e+00
-1.764632139554731305e+00
-1.762533408909409793e+00
-1.760113534597408824e+00
-1.758063937616195060e+00
-1.756144106185828502e+00
-1.754185977693955900e+00
-1.752297452129474742e+00
-1.750320922169959381e+00
-1.748307258036969625e+00
-1.746284170447667039e+00
-1.744422757193851314e+00
-1.742294538158064343e+00
-1.740040557369879615e+00
-1.738078601968496839e+00
-1.735903992303698296e+00
-1.733926133205448528e+00
-1.732170541393648788e+00
-1.729976885383202267e+00
-1.727677864549275633e+00
-1.725441024948441759e+00
-1.723249102550441725e+00
-1.721044451403512365e+00
-1.718685771023366282e+00
-1.716361021614424498e+00
-1.714230198979256992e+00
-1.712274563407880645e+00
-1.710401562223667904e+00
-1.708312017814001882e+00
-1.706004294396714416e+00
-1.703855212347614945e+00
-1.701778997285566364e+00
-1.699644749984799974e+00
-1.697397301655162449e+00
-1.695036820304044900e+00
-1.693058220105856382e+00
-1.691302828237285505e+00
-1.689429283080842392e+00
-1.687371754110200683e+00
-1.685097847420825135e+00
-1.683173698887519443e+00
-1.681193279946876062e+00
-1.678890190468974364e+00
-1.676924430723143011e+00
-1.674916697401258148e+00
-1.672984416720837864e+00
-1.671102306737052068e+00
-1.669082186221435116e+00
-1.667118615045773300e+00
-1.664830241387807552e+00
-1.662785746987598623e+00
-1.661025444950078978e+00
-1.659175405237674816e+00
-1.657117207443510765e+00
-1.654791402642518783e+00
-1.652777386804297866e+00
-1.650975263277475680e+00
-1.649100554189515400e+00
-1.647008767285992104e+00
-1.644815783856428126e+00
-1.642886361410007101e+00
-1.640921546029249223e+00
-1.639005714716830209e+00
-1.636953354974474584e+00
-1.634739616686099239e+00
-1.632754951255612763e+00
-1.630873319565432134e+00
-1.628916115584598368e+00
-1.626798952114967722e+00
-1.624819588969742989e+00
-1.622793650348860472e+00
-1.620820481961348314e+00
-1.618848098939612346e+00
-1.616719186742858971e+00
-1.614696401816521076e+00
-1.612550884958470210e+00
-1.610594391902484102e+00
-1.608833893510570601e+00
-1.606872386198107794e+00
-1.604691017890169658e+00
-1.602580547253183552e+00
-1.600744618282909926e+00
-1.598852829605478920e+00
-1.596651360941762521e+00
-1.594600517487124280e+00
-1.592680328166911519e+00
-1.590723025525289103e+00
-1.588832841046136757e+00
-1.586856980707563203e+00
-1.584716526537110148e+00
-1.582409893374047138e+00
-1.580561820934270667e+00
-1.578712151159494148e+00
-1.576571318816260892e+00
-1.574612320655004449e+00
-1.572435060232860060e+00
-1.570454480450374612e+00
-1.568699538643437918e+00
-1.566826967301161888e+00
-1.564772558028400651e+00
-1.562388949343493927e+00
-1.560411579070186461e+00
-1.558543416742939947e+00
-1.556292466187369383e+00
-1.554322564675382656e+00
-1.552313155069746653e+00
-1.550384426104358671e+00
-1.548505215345964192e+00
-1.546485699193225649e+00
-1.544517551975023384e+00
-1.542226043899968868e+00
-1.540186101680759423e+00
-1.538423962143832480e+00
-1.536569501828889406e+00
-1.534415245875320188e+00
-1.531940211565290255e+00
-1.529951143333633468e+00
-1.528072349531309104e+00
-1.526052951078039399e+00
-1.523953568335637110e+00
-1.521523031598831288e+00
-1.519544822553130281e+00
-1.517677131358669440e+00
-1.515426792743860052e+00
-1.513455509498439877e+00
-1.511445338769429991e+00
-1.509517760336667624e+00
-1.507639483560226479e+00
-1.505620252879652288e+00
-1.503650596642392978e+00
-1.501357978405390536e+00
-1.499319603976845272e+00
-1.497556851164002722e+00
-1.495700800186406720e+00
-1.493642802150015658e+00
-1.491320626130977045e+00
-1.489303252276276357e+00
-1.487467107812005640e+00
-1.485408677423775359e+00
-1.483278818190185699e+00
-1.481160808437500087e+00
-1.479237902926112014e+00
-1.477333290452869097e+00
-1.475436927487643102e+00
-1.473380517527451250e+00
-1.470949067815389810e+00
-1.468869403523403339e+00
-1.467032806902022646e+00
-1.464974406927251893e+00
-1.462845020223496828e+00
-1.460524821651407512e+00
-1.458430075003133375e+00
-1.456559529753191029e+00
-1.454441202310335912e+00
-1.452397496367271668e+00
-1.450246432911574068e+00
-1.448256918303560736e+00
-1.446340884722920661e+00
-1.444322007813957587e+00
-1.442350137724696779e+00
-1.440031110789646629e+00
-1.437971298780755358e+00
-1.435992040035209083e+00
-1.433695447421204250e+00
-1.431721398788021959e+00
-1.429538947503646629e+00
-1.427275659516108686e+00
-1.425368344511810381e+00
-1.423393249716760511e+00
-1.421373688216419406e+00
-1.419236262453190678e+00
-1.417377811387255271e+00
-1.415511346395389891e+00
-1.413262611456235440e+00
-1.411287871079545786e+00
-1.409104947207085345e+00
-1.406812502000447385e+00
-1.404722106993689934e+00
-1.402546105880187355e+00
-1.400354755032757526e+00
-1.398225535353574411e+00
-1.396269851937656625e+00
-1.394224154977303121e+00
-1.392078984974691069e+00
-1.390132414434860797e+00
-1.387963469027955421e+00
-1.385704148606007990e+00
-1.383708177801036721e+00
-1.381586903182523418e+00
-1.379614579152400378e+00
-1.377551310167990817e+00
-1.375309578403811628e+00
-1.373373613353138012e+00
-1.371323766730851323e+00
-1.369250442153023384e+00
-1.367206266566200590e+00
-1.365146191581351864e+00
-1.363172504387869299e+00
-1.360927337096611733e+00
-1.358421479052650094e+00
-1.356286640228979490e+00
-1.354417221762937329e+00
-1.352273036711943544e+00
-1.350163719765707260e+00
-1.347802746381523864e+00
-1.345541789901822272e+00
-1.343635976658840381e+00
-1.341583489120481865e+00
-1.339444889158721397e+00
-1.337177161560461292e+00
-1.335107653498104119e+00
-1.333220219743239676e+00
-1.330952282779353180e+00
-1.328831502035873413e+00
-1.326662727992289792e+00
-1.324500288296519557e+00
-1.322562619492598124e+00
-1.320616461034983757e+00
-1.318585794374895981e+00
-1.316286218404029817e+00
-1.314308166185575111e+00
-1.312345855505657299e+00
-1.310032478232123765e+00
-1.307951212944268971e+00
-1.305905396258617568e+00
-1.303843395298657448e+00
-1.301892388606898265e+00
-1.299696442943443220e+00
-1.297492716319280204e+00
-1.295513523274060219e+00
-1.293538442654438292e+00
-1.291629064725453357e+00
-1.289585942653707296e+00
-1.287368777692996957e+00
-1.285235252362674441e+00
-1.283179265119593904e+00
-1.281294974017483046e+00
-1.279189796576220228e+00
-1.276886855631342410e+00
-1.274896555098320228e+00
-1.272993212832739918e+00
-1.271096619659880078e+00
-1.269036309204287338e+00
-1.266760055102309268e+00
-1.264681207612989633e+00
-1.262689746172018790e+00
-1.260632148964581978e+00
-1.258468259726015059e+00
-1.256128612389527666e+00
-1.254069484520735411e+00
-1.252222212918754352e+00
-1.249930963655227600e+00
-1.247819698560453272e+00
-1.245632495028017983e+00
-1.243374582692566843e+00
-1.241470646875858286e+00
-1.239496402145488396e+00
-1.237473621237608068e+00
-1.235126219330354491e+00
-1.232939526254895446e+00
-1.231053771281666709e+00
-1.228861517239918655e+00
-1.226808017173149246e+00
-1.224627094089605350e+00
-1.222421891927119253e+00
-1.220591639469642331e+00
-1.218635954334784888e+00
-1.216441223469729493e+00
-1.214306207031450313e+00
-1.212368483493755145e+00
-1.210322091126476485e+00
-1.208173915920517594e+00
-1.206229718914476390e+00
-1.204061295455666647e+00
-1.201901938204766207e+00
-1.199901230634972782e+00
-1.197677687007133063e+00
-1.195605344922347602e+00
-1.193548653636451684e+00
-1.191413221523077937e+00
-1.189474560875627196e+00
-1.187418901869152332e+00
-1.185197833198956996e+00
-1.183051825175573946e+00
-1.180952541055051430e+00
-1.178895364139651791e+00
-1.176773170564014759e+00
-1.174435778712558331e+00
-1.172335316654016024e+00
-1.170487318624091833e+00
-1.168370360167256816e+00
-1.166257447268144398e+00
-1.163888105012474306e+00
-1.161597835317162986e+00
-1.159520641701938359e+00
-1.157499301327962193e+00
-1.155291973093432345e+00
-1.153005938816668019e+00
-1.151067977849880686e+00
-1.149021369881426224e+00
-1.146872241583270613e+00
-1.144928798188150409e+00
-1.142715753640602738e+00
-1.140457739052942010e+00
-1.138465025553445198e+00
-1.136227593000014080e+00
-1.133897432061596655e+00
-1.131857619477318444e+00
-1.129955183155772591e+00
-1.128058345467059631e+00
-1.125995176607884174e+00
-1.123796551718367898e+00
-1.121734900483912778e+00
-1.119714367476405625e+00
-1.117825854096035743e+00
-1.115764457026741319e+00
-1.113261803081682100e+00
-1.111087270256614801e+00
-1.109318771008847682e+00
-1.107167503460687596e+00
-1.105030670260546577e+00
-1.102889697219283427e+00
-1.100898272996182037e+00
-1.098924757981755373e+00
-1.096851607094005754e+00
-1.094924223985664691e+00
-1.092544977499282144e+00
-1.090443471421148613e+00
-1.088413216340451406e+00
-1.086157959158822184e+00
-1.084208037027179827e+00
-1.082028462151979120e+00
-1.079907112678090364e+00
-1.078006231075600674e+00
-1.076032693048074584e+00
-1.074006843257687915e+00
-1.071694970997689067e+00
-1.069731653660745518e+00
-1.067871290672997908e+00
-1.065724026616064579e+00
-1.063774580743125586e+00
-1.061594909243250617e+00
-1.059473623681330468e+00
-1.057390368135179282e+00
-1.055332195279870211e+00
-1.053378559269786630e+00
-1.051112442917874423e+00
-1.049036867812791041e+00
-1.047154140001749223e+00
-1.044887939783506248e+00
-1.042760590796657505e+00
-1.040651341811772657e+00
-1.038496119578560917e+00
-1.036492938766977012e+00
-1.034538207423234102e+00
-1.032514123176480503e+00
-1.030211696834667290e+00
-1.028229992492938338e+00
-1.026279160891243381e+00
-1.024147900535630207e+00
-1.022103837416054484e+00
-1.019968680477519429e+00
-1.018004372587378414e+00
-1.015998916698574561e+00
-1.013768577791984260e+00
-1.011533516880924521e+00
-1.009381468666763704e+00
-1.007351153553358358e+00
-1.005454150220172815e+00
-1.003388569031823829e+00
-1.001194160181427595e+00
-9.991359772213225243e-01
-9.971157210785652758e-01
-9.950398261526748334e-01
-9.929242122924026859e-01
-9.906074021046704647e-01
-9.884875404577770919e-01
-9.867172374710460048e-01
-9.848426346532273001e-01
-9.827851223270247516e-01
-9.806220841229245089e-01
-9.786060885092188188e-01
-9.766095764476968588e-01
-9.744839980966328863e-01
-9.723205517928834585e-01
-9.699425923360804891e-01
-9.678431432002791990e-01
-9.659817249872166833e-01
-9.637402029703743267e-01
-9.617502564280127064e-01
-9.597297138505274106e-01
-9.576095453357912346e-01
-9.556829381702576232e-01
-9.535807350836936758e-01
-9.514067052594435969e-01
-9.490936219890702130e-01
-9.469084632675743851e-01
-9.449878258726353009e-01
-9.428027236025000590e-01
-9.407470544090513753e-01
-9.388251322904074270e-01
-9.368315379166705092e-01
-9.347526319884895685e-01
-9.325872781657515986e-01
-9.303821995445226145e-01
-9.282382461093786619e-01
-9.262442425479605612e-01
-9.241124397959652459e-01
-9.219807817692182716e-01
-9.199326762476185415e-01
-9.177488885274485142e-01
-9.156839261011892050e-01
-9.137000224439650875e-01
-9.115697885727530592e-01
-9.093646902849744640e-01
-9.072732117936916918e-01
-9.052412509714674593e-01
-9.032840321804057604e-01
-9.011551425500592405e-01
-8.988861332573530039e-01
-8.968702562563083402e-01
-8.948723198533561352e-01
-8.928086543124731378e-01
-8.906937119561997296e-01
-8.883719727697381163e-01
-8.862255452510456877e-01
-8.842490257616439919e-01
-8.819928118752566881e-01
-8.798729353471518300e-01
-8.776923438751961237e-01
-8.755317982778878516e-01
-8.734522156351400834e-01
-8.712882552456236995e-01
-8.690838564899172614e-01
-8.669378820265787322e-01
-8.646888024227411540e-01
-8.625428631371323540e-01
-8.604768603928607540e-01
-8.582503807348850211e-01
-8.561279557219139136e-01
-8.540839054186033508e-01
-8.520051060432268786e-01
-8.498843297637250771e-01
-8.475686927513985669e-01
-8.454112402870533893e-01
-8.435475985821109246e-01
-8.414322492214759697e-01
-8.393972055096350360e-01
-8.372639438774974741e-01
-8.352710956003499554e-01
-8.333548163470119174e-01
-8.312776823054042197e-01
-8.292831531706501558e-01
-8.269065201500133133e-01
-8.244777984417117622e-01
-8.223880216080471373e-01
-8.201230567855344322e-01
-8.179904574967534758e-01
-8.158772224549142305e-01
-8.137448192445029260e-01
-8.117409890682971696e-01
-8.097624010337609590e-01
-8.077435500048832928e-01
-8.054389645663037056e-01
-8.032024113048855662e-01
-8.012431958581981428e-01
-7.991962784156904087e-01
-7.971309951680531913e-01
-7.950647253726681463e-01
-7.929867870933203777e-01
-7.910140991434229107e-01
-7.888142820884402884e-01
-7.863161783381629188e-01
-7.841093726421645149e-01
-7.822464121996421937e-01
-7.801313045172153515e-01
-7.780971322686996983e-01
-7.759657042360885715e-01
-7.739725640693170261e-01
-7.719904666845347485e-01
-7.696812683422602497e-01
-7.674039000597447924e-01
-7.650477119389068603e-01
-7.628571535755892530e-01
-7.607838347319246797e-01
-7.586281885727523822e-01
-7.564953925205784024e-01
-7.543284463139409146e-01
-7.523746975809060267e-01
-7.503623349456595149e-01
-7.481260244401292114e-01
-7.460560777461526794e-01
-7.440112598212484940e-01
-7.418634055003753280e-01
-7.399021287774828481e-01
-7.378575934819646687e-01
-7.356450696508896048e-01
-7.335997072753120962e-01
-7.316839475404736115e-01
-7.297113650192665890e-01
-7.275111422568713015e-01
-7.252143000778731308e-01
-7.231749343537861030e-01
-7.212001313542889536e-01
-7.191963241337187007e-01
-7.171391432746841987e-01
-7.149802486701944959e-01
-7.129648616757913171e-01
-7.109636035362590922e-01
-7.089067132071000810e-01
-7.067963601756384051e-01
-7.044737885759052576e-01
-7.023262088365703759e-01
-7.003505754424771412e-01
-6.980934998498722344e-01
-6.959714116051893829e-01
-6.937949004397981900e-01
-6.916766592550023240e-01
-6.897779134002215429e-01
-6.877122599874133657e-01
-6.855788608219369751e-01
-6.833149793530793881e-01
-6.811244690729223450e-01
-6.790495562706713173e-01
-6.768926161551751530e-01
-6.749549306036648488e-01
-6.728391423373223379e-01
-6.707078500237629859e-01
-6.687036367828975703e-01
-6.667233767878874007e-01
-6.647077793345104180e-01
-6.623922731630672578e-01
-6.601293261639027410e-01
-6.581648122801562195e-01
-6.561200234902584416e-01
-6.539081777784331306e-01
-6.518626557720105241e-01
-6.499468959244107946e-01
-6.477929870704812743e-01
-6.455421916222823242e-01
-6.432275173311630123e-01
-6.410716823449642554e-01
-6.392103011963196080e-01
-6.370958232007466471e-01
-6.350636882130762384e-01
-6.329363780232287739e-01
-6.309424876797669057e-01
-6.290261941655087563e-01
-6.269459641166246211e-01
-6.247012011642935070e-01
-6.221566428294263984e-01
-6.199731269027446423e-01
-6.180551631312334315e-01
-6.158783785030121916e-01
-6.138203225371101635e-01
-6.118903114121241327e-01
-6.098915376043145820e-01
-6.078173451074259104e-01
-6.056249343625516035e-01
-6.034066387032631651e-01
-6.010929016372581479e-01
-5.988287683077295753e-01
-5.968618261168281425e-01
-5.948168843608463430e-01
-5.926055457541627991e-01
-5.905599031087411799e-01
-5.886441081000494124e-01
-5.866717703128665473e-01
-5.844704316514145459e-01
-5.821751613994463614e-01
-5.801360104616281044e-01
-5.780752756651270641e-01
-5.757949196455942609e-01
-5.737636594135606671e-01
-5.716381379451761502e-01
-5.694265632039254843e-01
-5.674390340548928213e-01
-5.653484430438240338e-01
-5.631730675166397582e-01
-5.608559513284692155e-01
-5.585683140459474227e-01
-5.564482634324237065e-01
-5.542892053148129605e-01
-5.523530384012189653e-01
-5.505094306780099478e-01
-5.485899451652194170e-01
-5.465169288122840863e-01
-5.443603661507976366e-01
-5.421593465498693032e-01
-5.400032055910614082e-01
-5.377515712239255841e-01
-5.356113805851162590e-01
-5.335349210091846484e-01
-5.313029131986506393e-01
-5.293054788110668207e-01
-5.273896507441209192e-01
-5.251924449509991488e-01
-5.228990433195872534e-01
-5.205755503653630711e-01
-5.184267919791077928e-01
-5.164520892673047925e-01
-5.142178076978247692e-01
-5.120935157110997338e-01
-5.100643873908363712e-01
-5.080652265005833890e-01
-5.061373385882648179e-01
-5.040486786163145272e-01
-5.018730658928904909e-01
-4.995552574410194735e-01
-4.973722752822100635e-01
-4.952505700577387593e-01
-4.929875238761450840e-01
-4.910520881089582290e-01
-4.892078242108739983e-01
-4.870779956453420434e-01
-4.847985482292440640e-01
-4.828159587054364765e-01
-4.808046145439638375e-01
-4.784968018980402249e-01
-4.762632492997498357e-01
-4.743117255297908952e-01
-4.722668299303741657e-01
-4.702060180206252826e-01
-4.682368640858395326e-01
-4.663118926934273767e-01
-4.642921230751326789e-01
-4.620535137126204894e-01
-4.599849353061290502e-01
-4.579419144845047196e-01
-4.557940886271724112e-01
-4.538214793384044987e-01
-4.517069814829867136e-01
-4.494832768877192186e-01
-4.475064977833136393e-01
-4.456042226172953757e-01
-4.436321778620940792e-01
-4.414297697512827856e-01
-4.391360675409183845e-01
-4.370970266592566489e-01
-4.351187205480973041e-01
-4.331156750184473880e-01
-4.310587296894313747e-01
-4.289043916096987319e-01
-4.269228292673101777e-01
-4.249884836682462641e-01
-4.229091513333965713e-01
-4.207727112850099815e-01
-4.184522968890437289e-01
-4.162980706134301601e-01
-4.144391929727027080e-01
-4.123257808794382751e-01
-4.102968578377530484e-01
-4.081761137048872667e-01
-4.061809090469937766e-01
-4.042645807973356264e-01
-4.021811847755452640e-01
-4.001706230245327123e-01
-3.977979661692451208e-01
-3.956054647675989466e-01
-3.935617968373790743e-01
-3.914059950553228084e-01
-3.894688704636306564e-01
-3.874635815178367748e-01
-3.854622469206946400e-01
-3.835340474227673102e-01
-3.814490540678255881e-01
-3.792729597342366921e-01
-3.769538620991025324e-01
-3.746712573345279962e-01
-3.725461990577066396e-01
-3.703841091358696658e-01
-3.684501293169267777e-01
-3.663289100429473200e-01
-3.642001536625078528e-01
-3.621951146878079064e-01
-3.602109548995967581e-01
-3.582025000500828060e-01
-3.558956337545424731e-01
-3.536265506783389245e-01
-3.516498924646778712e-01
-3.496042867338864379e-01
-3.473949625196379731e-01
-3.453488287325470196e-01
-3.434329640529877326e-01
-3.412915867554370264e-01
-3.390017112277025624e-01
-3.366774077900939743e-01
-3.345275945646130067e-01
-3.325536673533902032e-01
-3.302947671834354781e-01
-3.280037659460342536e-01
-3.258205586217971517e-01
-3.236083590216461414e-01
-3.213273217833274575e-01
-3.190790342758743625e-01
-3.169494155434572358e-01
-3.149036040580918128e-01
-3.127197981281427119e-01
-3.106972503508101946e-01
-3.086179576494409993e-01
-3.064470735925176603e-01
-3.044083892129101909e-01
-3.023896333143838433e-01
-3.002998375223304706e-01
-2.981234907837669867e-01
-2.958111033173325133e-01
-2.936609866516933787e-01
-2.914956702437915825e-01
-2.892366283418474904e-01
-2.873013867643641195e-01
-2.851342330042906381e-01
-2.829660363628553332e-01
-2.808821082194831176e-01
-2.787313148393905093e-01
-2.765329652856975962e-01
-2.741851834387705189e-01
-2.719314558623187050e-01
-2.699515578684588690e-01
-2.678668238443194793e-01
-2.656581662824976653e-01
-2.635509350987962907e-01
-2.615234985423928737e-01
-2.594328390069454704e-01
-2.572560632488603005e-01
-2.549448985470506024e-01
-2.527945796716354332e-01
-2.506281171585120759e-01
-2.483688335201360287e-01
-2.464343951501656027e-01
-2.444292567839686514e-01
-2.423145469997527723e-01
-2.402505621526695445e-01
-2.381757801488156023e-01
-2.360458805989037456e-01
-2.337845567783747303e-01
-2.315945850355072000e-01
-2.294533323916834178e-01
-2.272448299275237060e-01
-2.251689976086210521e-01
-2.230480145811317705e-01
-2.211152670158130218e-01
-2.190905001600616797e-01
-2.168498032997417391e-01
-2.147811376914614823e-01
-2.126661816021886975e-01
-2.103992073077622926e-01
-2.083381037107850386e-01
-2.062813698865863521e-01
-2.041305547054933500e-01
-2.021164648979174583e-01
-2.001060474336945338e-01
-1.980525775313880243e-01
-1.959549200564328630e-01
-1.936443476926824059e-01
-1.913924044256149204e-01
-1.891892946438154532e-01
-1.866946416947919407e-01
-1.845472453783441047e-01
-1.826996882071344752e-01
-1.805724847489667273e-01
-1.782900529096783648e-01
-1.763036116139038434e-01
-1.742993709990400264e-01
-1.719976520069542714e-01
-1.697668598486887781e-01
-1.677349320166049984e-01
-1.655769663739516118e-01
-1.633226648839196105e-01
-1.612486024971979126e-01
-1.590948780451085232e-01
-1.569829972336042878e-01
-1.549634022429597358e-01
-1.525931154871876805e-01
-1.504067149178148766e-01
-1.483231750495367374e-01
-1.459244722898546121e-01
-1.438628858984156988e-01
-1.419388022856259979e-01
-1.399329051370511445e-01
-1.378478702768485276e-01
-1.356532435117535074e-01
-1.334320230339195723e-01
-1.311314471275006888e-01
-1.289010726092453263e-01
-1.269154538500555929e-01
-1.248260800895998890e-01
-1.226185831885366617e-01
-1.205718874937910801e-01
-1.186559926589608183e-01
-1.166844968929352244e-01
-1.144796305561936178e-01
-1.121894981452701556e-01
-1.101507554468817429e-01
-1.080964852550311689e-01
-1.058210890811810967e-01
-1.037965665787164149e-01
-1.017781279242437886e-01
-9.978128543373948611e-02
-9.768819897717212486e-02
-9.538333588692896048e-02
-9.312119595082617163e-02
-9.075222484560746539e-02
-8.856234055610709421e-02
-8.642382009619689609e-02
-8.421101140020052778e-02
-8.212945370303242898e-02
-8.001093373270393161e-02
-7.808386107594372794e-02
-7.606115261771601022e-02
-7.381932527735274308e-02
-7.174556964566430883e-02
-6.969203120981412591e-02
-6.751198819775136584e-02
-6.548901558451891702e-02
-6.340477901544848416e-02
-6.115253101882613118e-02
-5.905727438102378879e-02
-5.690573417511822496e-02
-5.481725202974673666e-02
-5.255549321168035554e-02
-4.996958073820914614e-02
-4.769593276476910559e-02
-4.555819429205763132e-02
-4.334409268747549393e-02
-4.125949198787835781e-02
-3.906898052250822040e-02
-3.702245944422934837e-02
-3.506431244112415135e-02
-3.275358828618428475e-02
-3.020435680001187090e-02
-2.802434208412672018e-02
-2.585664421300019888e-02
-2.359620538174230647e-02
-2.150202481056718781e-02
-1.931741043258591861e-02
-1.710292991074244262e-02
-1.481890027478382707e-02
-1.257337139929640482e-02
-1.044463364344900766e-02
-8.264350368591731957e-03
-5.814314300191148963e-03
-3.396943350911627371e-03
-1.266621632592566981e-03
7.724092696056079638e-04
2.944295989347867938e-03
5.186267785061823322e-03
7.638142531321607913e-03
9.988961556809953374e-03
1.211150902747586133e-02
1.444831627330266446e-02
1.692340201389419541e-02
1.905926653930725689e-02
2.102473287042812278e-02
2.324456616154175689e-02
2.537912661631438679e-02
2.745935831246444983e-02
2.958727839079747929e-02
3.188445303169794992e-02
3.415514398320401712e-02
3.628511737308549173e-02
3.861330989263984242e-02
4.085511515845104830e-02
4.290210375414635346e-02
4.481803939249841273e-02
4.678931406034583795e-02
4.899546643715304434e-02
5.147571962827728054e-02
5.370424164752841956e-02
5.587849706403816286e-02
5.837387999839847852e-02
6.046641963740478909e-02
6.239112702168414515e-02
6.440011319256747080e-02
6.676042084430972023e-02
6.923864132154212980e-02
7.179908023741046752e-02
7.414413056694751925e-02
7.634110054284434788e-02
7.883610960935549805e-02
8.089934594428524472e-02
8.282401114258391983e-02
8.483340965294229596e-02
8.692018943334309244e-02
8.937066172425316146e-02
9.200721968706435105e-02
9.419067756407054071e-02
9.624213888703606057e-02
9.851544182608820699e-02
1.006528947840032995e-01
1.028344628204164724e-01
1.050517558128140766e-01
1.071113809061380040e-01
1.091932477136045576e-01
1.115684069404610235e-01
1.140372862583926283e-01
1.162940355946705528e-01
1.182893293984266653e-01
1.203864912274541510e-01
1.225907596481017603e-01
1.246379219646041731e-01
1.265551283269747695e-01
1.285262682986298977e-01
1.307330405288127939e-01
1.332183055936534410e-01
1.355438708287854677e-01
1.377394058984861558e-01
1.401344244042707632e-01
1.421981756696078514e-01
1.441230147923973637e-01
1.461332489355845476e-01
1.482205058441387613e-01
1.504163931543330834e-01
1.527709948628304393e-01
1.552100027453788278e-01
1.575437152608760161e-01
1.598163768133774865e-01
1.618370663995786496e-01
1.638517443152657793e-01
1.658500056175048476e-01
1.678559306486271385e-01
1.699476492563392060e-01
1.722159836919955611e-01
1.748410304218258049e-01
1.771933060571286300e-01
1.793207337932108403e-01
1.815920626674077942e-01
1.836506562026166689e-01
1.857077491345504872e-01
1.877513765031714466e-01
1.897097232458650473e-01
1.918575007436717217e-01
1.943939242621854635e-01
1.967115002466151008e-01
1.986828777294593062e-01
2.009313700936224967e-01
2.029610286416195786e-01
2.049257392044711579e-01
2.070407934741039235e-01
2.090486777257858919e-01
2.111157664624490060e-01
2.133709680453277913e-01
2.157859618724884410e-01
2.180614002990316491e-01
2.202283231679811326e-01
2.225583710566893803e-01
2.247591707082109425e-01
2.268065521329225287e-01
2.287263751042741544e-01
2.306973474852080930e-01
2.329049462059790687e-01
2.353888155638182988e-01
2.376135121755888480e-01
2.397823871220343406e-01
2.420441239222795859e-01
2.439695704309997326e-01
2.459740785246012362e-01
2.480849532934560064e-01
2.501427800028883652e-01
2.522276052184719841e-01
2.546011355003159893e-01
2.570666440125178864e-01
2.594064087307466626e-01
2.614554231742874935e-01
2.635461143908550130e-01
2.657025026045879423e-01
2.677252729514940643e-01
2.697378466763189486e-01
2.718077704703345532e-01
2.739692614698072126e-01
2.764197066418785376e-01
2.786909184290184416e-01
2.807706421011836873e-01
2.831638282588634370e-01
2.852287164071727887e-01
2.871540141481225827e-01
2.891663215899084594e-01
2.912547438449379911e-01
2.933929071775976949e-01
2.956166613184958991e-01
2.979906588911183096e-01
3.002997720416897276e-01
3.023234072036656839e-01
3.044149202541976407e-01
3.065709810206910246e-01
3.085926657947210550e-01
3.106041458267443378e-01
3.126735150909479288e-01
3.148364856272544698e-01
3.172872761271611219e-01
3.195573536979942064e-01
3.216367090939322160e-01
3.241349561295646664e-01
3.262943295417169987e-01
3.281471014826820576e-01
3.302671025222311818e-01
3.325545412680960267e-01
3.347997087095184732e-01
3.373940370199717820e-01
3.397463154964417420e-01
3.417170275493063292e-01
3.439611471211511118e-01
3.459956837039849242e-01
3.479598210959994886e-01
3.500742842086064788e-01
3.522125836288129697e-01
3.543950184246393853e-01
3.567673535904544169e-01
3.592597119135488848e-01
3.616017090119459376e-01
3.636254575915491283e-01
3.657182041497489267e-01
3.678737744293445466e-01
3.698937571240363820e-01
3.719035215434619568e-01
3.740066776817170813e-01
3.762670510225062381e-01
3.788530258961044783e-01
3.813500682838369960e-01
3.835671385008403989e-01
3.859229089635913823e-01
3.879862703865256668e-01
3.900514756037457009e-01
3.920912900941119772e-01
3.941105818768334546e-01
3.963799964549306609e-01
3.988615424830452838e-01
4.010829262058110412e-01
4.032722152479578104e-01
4.057605131167386636e-01
4.078263352360280702e-01
4.097519362970989398e-01
4.117661460235050308e-01
4.138555265512561254e-01
4.160526363969310748e-01
4.186951604739846955e-01
4.211369817510852709e-01
4.231840013638618614e-01
4.254537918925618278e-01
4.274706308783222664e-01
4.294816506790380961e-01
4.314813925404100692e-01
4.335801625057393860e-01
4.358816287169503534e-01
4.381318216507309460e-01
4.405544006928189260e-01
4.428356265324583929e-01
4.449582726837764124e-01
4.472221590100337041e-01
4.492869697601337142e-01
4.513546091635469715e-01
4.533932515698365640e-01
4.554125155438264461e-01
4.578284699929806578e-01
4.605879348954450281e-01
4.630006417262726992e-01
4.651482421275701107e-01
4.674594042986400799e-01
4.695770040845808069e-01
4.716856671113809907e-01
4.736137787298152491e-01
4.756289244995126619e-01
4.778699204534064826e-01
4.802434192071787233e-01
4.824394100376337979e-01
4.844855878512613345e-01
4.867548408467431420e-01
4.887707887132273776e-01
4.907808532098338339e-01
4.927809499814881367e-01
4.947819749752994101e-01
4.968783726058340067e-01
4.991564851718242046e-01
5.017414868118605931e-01
5.039999920332101091e-01
5.061270181717123506e-01
5.083579212721196505e-01
5.104439608360122893e-01
5.125518540701186065e-01
5.144804746563399478e-01
5.164951012099939787e-01
5.187357741659555099e-01
5.211104381789779527e-01
5.233077465907586268e-01
5.253533131656957789e-01
5.276220915468190498e-01
5.297677233796059815e-01
5.318607397111191348e-01
5.339744300588198378e-01
5.359907889930629610e-01
5.380479460475827702e-01
5.402959142262800940e-01
5.428789950078445337e-01
5.453852890362220762e-01
5.473976621319296409e-01
5.495084198153981081e-01
5.516980558159142456e-01
5.537462541814386352e-01
5.556746103995182651e-01
5.576449524496489563e-01
5.598550981593898301e-01
5.623343082305116702e-01
5.645522223146582919e-01
5.667227218951275125e-01
5.689859958432768039e-01
5.709054119182892517e-01
5.730532456389132445e-01
5.752325085498726231e-01
5.773231200823405462e-01
5.794549836034760260e-01
5.816804755304259000e-01
5.841327078483058433e-01
5.865432834782553506e-01
5.888687801937865229e-01
5.909375054611532008e-01
5.929461446848883766e-01
5.949457234106509951e-01
5.968318687795262090e-01
5.988822455885611795e-01
6.010433378580771757e-01
6.036240342899610312e-01
6.061132549068429798e-01
6.082910229701196103e-01
6.105249531017034048e-01
6.126112247977369973e-01
6.147173677856981877e-01
6.166475591639432041e-01
6.186607142280047267e-01
6.209004052825561892e-01
6.232778108181136201e-01
6.254784663522203747e-01
6.275226802393687464e-01
6.297903484731607326e-01
6.318041596673584781e-01
6.338122789184368333e-01
6.358132600281963809e-01
6.377003149536027982e-01
6.397506975783862071e-01
6.419116880718070961e-01
6.445444994343819678e-01
6.470322979507963090e-01
6.491565056125276900e-01
6.513917151484983625e-01
6.534780791036852721e-01
6.555483365610174085e-01
6.574706997299735178e-01
6.595184519562975467e-01
6.617663063797630807e-01
6.641448799648302925e-01
6.663468056338186507e-01
6.684930356017571018e-01
6.708864286328052318e-01
6.729322556974188796e-01
6.748949311458218858e-01
6.767609112050073650e-01
6.787809910093886012e-01
6.810808336925213702e-01
6.833255189591539436e-01
6.859088704063739383e-01
6.884157730540432230e-01
6.904337754708023134e-01
6.925490863866731184e-01
6.947338036652298543e-01
6.966420204698079433e-01
6.983810919267556816e-01
7.004312982435981771e-01
7.027159289388941188e-01
7.052334653520099250e-01
7.075681071040323955e-01
7.097591251009025548e-01
7.120230720496544263e-01
7.139397991089774242e-01
7.159439577201609506e-01
7.177200029781131141e-01
7.195463936384772774e-01
7.216431973852794890e-01
7.239910707164435300e-01
7.266234016693757791e-01
7.289118730240281563e-01
7.310826944674826411e-01
7.334178331400067474e-01
7.356011086185106906e-01
7.375083622027159835e-01
7.392478815639926815e-01
7.412594331233575140e-01
7.436646784849801906e-01
7.462411500572273537e-01
7.484552154471856289e-01
7.506265522320636485e-01
7.528906914953054086e-01
7.548067145293477775e-01
7.568109456672769131e-01
7.585880998138950781e-01
7.604134834671518739e-01
7.625095780372525001e-01
7.648575700683997169e-01
7.674903414205376251e-01
7.697798043463262019e-01
7.718966701858772650e-01
7.741515122057871512e-01
7.762240838596334846e-01
7.781786171557582010e-01
7.800716275734185245e-01
7.820924505377048197e-01
7.843412359090602415e-01
7.867457883415207576e-01
7.889516782141516860e-01
7.909935984320004554e-01
7.933826051373626953e-01
7.955334839796625035e-01
7.974956343367995970e-01
7.993581644897521654e-01
8.011697079126733900e-01
8.032245575679566318e-01
8.056173795597094678e-01
8.082477271666208551e-01
8.104978549667888332e-01
8.126627365040595130e-01
8.150176215700695170e-01
8.170912169912076806e-01
8.190472529181204164e-01
8.209385863621180279e-01
8.229595228931726458e-01
8.252086841077727053e-01
8.273350561550965043e-01
8.294852215928376626e-01
8.317562941176948055e-01
8.340788954968175739e-01
8.361378110380206508e-01
8.381430313183981795e-01
8.400885897166585625e-01
8.418655292588287375e-01
8.439276489626355016e-01
8.461147734025467049e-01
8.485712908123133058e-01
8.508209157883700469e-01
8.531477419973843013e-01
8.556501685176072236e-01
8.575698668105016242e-01
8.594276777304643566e-01
8.612689802688718865e-01
8.631342039165368352e-01
8.653368596107584576e-01
8.677443290908639639e-01
8.702076431578085192e-01
8.726252368817316585e-01
8.749472994070984777e-01
8.770045235901192671e-01
8.790091742467053271e-01
8.809553285349857044e-01
8.827318428738146761e-01
8.847934018777973142e-01
8.869808601968516282e-01
8.896067526262885217e-01
8.921037425186956193e-01
8.942782698704401234e-01
8.965926292173228562e-01
8.986795899174278013e-01
9.007453843046715480e-01
9.024802932257686150e-01
9.042584574912918560e-01
9.064577873153245591e-01
9.086851413089688245e-01
9.110069504526203676e-01
9.133191590865991083e-01
9.154438541057176026e-01
9.176058336337074017e-01
9.198753180153586007e-01
9.218220186989519727e-01
9.235981576238070367e-01
9.256591554040103365e-01
9.278469477477698790e-01
9.303042860856711727e-01
9.325537558218962575e-01
9.348827153417154090e-01
9.373858137529680334e-01
9.394869090476950513e-01
9.416111630494614637e-01
9.433470552143504717e-01
9.451253183746896047e-01
9.473248793449817740e-01
9.497005166000195286e-01
9.523054656072107438e-01
9.547202945100164984e-01
9.570000916685347248e-01
9.591415753461182137e-01
9.612808221271282871e-01
9.633860724097030870e-01
9.652994635593307171e-01
9.675019800172055540e-01
9.698672186759601521e-01
9.722132952421492780e-01
9.744765654116350762e-01
9.765540640796125382e-01
9.787513035370728476e-01
9.809823123585617033e-01
9.829586222073353197e-01
9.847939544071548923e-01
9.868807902241678587e-01
9.891460805203705631e-01
9.916040701910888711e-01
9.941021626565876845e-01
9.964444744309407520e-01
9.987596518246680821e-01
1.000846836769765380e+00
1.002909979685217667e+00
1.004647221274714841e+00
1.006425634843649775e+00
1.008625517644072156e+00
1.010853488868217243e+00
1.013245100067770466e+00
1.015709535124389884e+00
1.018147084141442171e+00
1.020302262670903293e+00
1.022263456505170254e+00
1.024119662508536699e+00
1.025940009894735327e+00
1.028001051393591769e+00
1.030161579718190223e+00
1.032732398251831052e+00
1.035206688341754111e+00
1.037426986169933452e+00
1.039781483805752416e+00
1.041860449494790286e+00
1.043824522211674433e+00
1.045706953114120763e+00
1.047728517123673653e+00
1.049979362464148913e+00
1.052105093765249411e+00
1.054263012314240022e+00
1.056535027217484046e+00
1.058971093714516698e+00
1.061169322566288153e+00
1.063130393404146057e+00
1.064985449748023116e+00
1.066902695208520102e+00
1.069006996337104498e+00
1.071302233811592508e+00
1.073829919200730565e+00
1.076072684928693457e+00
1.078293221815757708e+00
1.080647587989574498e+00
1.082881092850350058e+00
1.084872599807495064e+00
1.086745568735086209e+00
1.088806053648163186e+00
1.091089651337749267e+00
1.093426269099716741e+00
1.095620542449846413e+00
1.097988183706663623e+00
1.100474979972358547e+00
1.102652523626238779e+00
1.104634226300865274e+00
1.106552157090665345e+00
1.108592962197209264e+00
1.110793298198873735e+00
1.113021729790987679e+00
1.115414572144398875e+00
1.117879041539959539e+00
1.120312808747031319e+00
1.122469912727664720e+00
1.124430724541474413e+00
1.126299516265760303e+00
1.128331255763028063e+00
1.130612508721455134e+00
1.132847104850642772e+00
1.135239803028329053e+00
1.137538683313369159e+00
1.139766029130292235e+00
1.142105278016765535e+00
1.144274567707729506e+00
1.146172172440794279e+00
1.147915716803636910e+00
1.149921660113101929e+00
1.152215206304775919e+00
1.154421250554312550e+00
1.156580478665294898e+00
1.158803313443390381e+00
1.161179128939483052e+00
1.163336972855901985e+00
1.165399208878785675e+00
1.167268170827710838e+00
1.169083912480135767e+00
1.171172864741076625e+00
1.173471108033692145e+00
1.175997854067620141e+00
1.178237755422049782e+00
1.180458810069901165e+00
1.182909389748483253e+00
1.185141964621806210e+00
1.187038552874509989e+00
1.188782544097587213e+00
1.190787923320253627e+00
1.193082176618592172e+00
1.195288399445610938e+00
1.197447828081985133e+00
1.199671102677123180e+00
1.202045399593550501e+00
1.204204033213326364e+00
1.206164500554155916e+00
1.208033582643714743e+00
1.209950958463911430e+00
1.212039091568440252e+00
1.214338557683952713e+00
1.216865029854457880e+00
1.219103905182448822e+00
1.221325045100858375e+00
1.223679121607904818e+00
1.225762499339419831e+00
1.227755987161473605e+00
1.229649270350303247e+00
1.231713617719977671e+00
1.234130641459950883e+00
1.236465471577383290e+00
1.238658886830197314e+00
1.240788541464576955e+00
1.243065569804702619e+00
1.245210365323569102e+00
1.247343248843045149e+00
1.249374535589050872e+00
1.251176858454200680e+00
1.253212106669042925e+00
1.255443982521373236e+00
1.257839114183063600e+00
1.260348139198497419e+00
1.262724776064348742e+00
1.264975707613638312e+00
1.267237672933357873e+00
1.269242222620175831e+00
1.271143987374567574e+00
1.273211828630520737e+00
1.275372143653145995e+00
1.277937172681852473e+00
1.280402931682369294e+00
1.282624447156628822e+00
1.285078633414628246e+00
1.287310328773849211e+00
1.289311219823333410e+00
1.291187033122817684e+00
1.293146224837107283e+00
1.295433900904684243e+00
1.297767966988359500e+00
1.299960945279885038e+00
1.302088760784924304e+00
1.304365239586523284e+00
1.306510792212435268e+00
1.308642328366501406e+00
1.310674769545089324e+00
1.312478504386152212e+00
1.314750845321139838e+00
1.317224805211490324e+00
1.319438120034050144e+00
1.321703916998095973e+00
1.323927466029579447e+00
1.326136592484550292e+00
1.328284534853866994e+00
1.330260906268150523e+00
1.332176392543408916e+00
1.334145511388735494e+00
1.336412694720008121e+00
1.338880587388177723e+00
1.341120808503520001e+00
1.343556355415847170e+00
1.346062582256129625e+00
1.347978154310576215e+00
1.350097649661353483e+00
1.352015118980817832e+00
1.353794428074658995e+00
1.356223506601818229e+00
1.358609854593998190e+00
1.360778230182040804e+00
1.363051335896898753e+00
1.365367576928535165e+00
1.367423295938545724e+00
1.369421016798520130e+00
1.371408108984876417e+00
1.373312234354583605e+00
1.375420708848774876e+00
1.377808855946800470e+00
1.380333744403267504e+00
1.382568013733589840e+00
1.384789982994752089e+00
1.387143819537073108e+00
1.389231132935903501e+00
1.391226936898992461e+00
1.393116464282135869e+00
1.395119609192153387e+00
1.397540588375537851e+00
1.399938794543144294e+00
1.402131131149772392e+00
1.404256061417475276e+00
1.406531485670924786e+00
1.408678164735112537e+00
1.410807509898193146e+00
1.412841880540703032e+00
1.414647964406507974e+00
1.416917510009513492e+00
1.419388712606588498e+00
1.421605122181337943e+00
1.423871720141048902e+00
1.426096079597795052e+00
1.428308737245975735e+00
1.430455935255724675e+00
1.432432232560768792e+00
1.434347563541636728e+00
1.436316625241484513e+00
1.438584727337023361e+00
1.441051116410507538e+00
1.443288335796788946e+00
1.445721234507851616e+00
1.448294572483713738e+00
1.450382769747388778e+00
1.452473924608278066e+00
1.454416569922942770e+00
1.456421246683951010e+00
1.458883371798780360e+00
1.461438394571294541e+00
1.463686369767531747e+00
1.466154160043610100e+00
1.468661362851742869e+00
1.470580228703086689e+00
1.472698245171823572e+00
1.474615568273654365e+00
1.476395211130180130e+00
1.478822144996105425e+00
1.481211767547561120e+00
1.483384332719309473e+00
1.485657806335699105e+00
1.487972655010982859e+00
1.490028356449555780e+00
1.492024321417187771e+00
1.494007301632467311e+00
1.495914252285630797e+00
1.498024359621126234e+00
1.500411504150410913e+00
1.502935291841802412e+00
1.505166179918184355e+00
1.507388684398788925e+00
1.509742209733861529e+00
1.511971922714796079e+00
1.514131104764533831e+00
1.516084578807015193e+00
1.518053565419023698e+00
1.520322414857283588e+00
1.522787597580530949e+00
1.525022362862711978e+00
1.527453085713277758e+00
1.529960880435114579e+00
1.531881370032825984e+00
1.533998543363594314e+00
1.535915764427379537e+00
1.537695577657771873e+00
1.540121464600680889e+00
1.542512698831334239e+00
1.544687360148263577e+00
1.546961065871306662e+00
1.549275245300387294e+00
1.551330864244147012e+00
1.553325926531017309e+00
1.555306901739760939e+00
1.557215262066061756e+00
1.559326182329727750e+00
1.561712828252183716e+00
1.564236069257245454e+00
1.566465266110061316e+00
1.568688034504222006e+00
1.571041427242221511e+00
1.573133233588555946e+00
1.575131636989365980e+00
1.577148887683767819e+00
1.579222450199333938e+00
1.581552373665437106e+00
1.584037237740003157e+00
1.586197291966775502e+00
1.588397364805258949e+00
1.590861762200977525e+00
1.592936674581524770e+00
1.594932896225929930e+00
1.596964300091575639e+00
1.598995944185363616e+00
1.601420834322052400e+00
1.603813679744338527e+00
1.605990438279711885e+00
1.608144595933891141e+00
1.610197752093299517e+00
1.612345472119489198e+00
1.614599937236581129e+00
1.616606554292200126e+00
1.618516372312936991e+00
1.620628053059692819e+00
1.623014152179376612e+00
1.625536899176020400e+00
1.627709236201386744e+00
1.629932215831148667e+00
1.632340642887947002e+00
1.634433933951618734e+00
1.636433202376477603e+00
1.638317021712621946e+00
1.640392205631611144e+00
1.642819129854464322e+00
1.645148890870477665e+00
1.647200069351192342e+00
1.649230224400164868e+00
1.651574491541202061e+00
1.653741750837833369e+00
1.655700343018823517e+00
1.657570790314483178e+00
1.659488551094688846e+00
1.661749536236562186e+00
1.664062524890301820e+00
1.666404037186086429e+00
1.668576216406818968e+00
1.670755468213289907e+00
1.673075500245974734e+00
1.675213732704481373e+00
1.677300962215363178e+00
1.679183835735225561e+00
1.681193952002167480e+00
1.683497905257994365e+00
1.685694893567566410e+00
1.687856224342987765e+00
1.690057696274726240e+00
1.692414323353421235e+00
1.694608862072310762e+00
1.696567235392581807e+00
1.698437751631594050e+00
1.700355553793803320e+00
1.702615034529565863e+00
1.704929249796965696e+00
1.707271226244270856e+00
1.709443147783332062e+00
1.711623453435882070e+00
1.713943823651454812e+00
1.716017589405266719e+00
1.718091785483974565e+00
1.720038288453158870e+00
1.722061754918365661e+00
1.724490713960985744e+00
1.726885609455084403e+00
1.728933509018170334e+00
1.730962494849857869e+00
1.733307038731932259e+00
1.735475923244663932e+00
1.737434177999551910e+00
1.739542622963867746e+00
1.741590126198034660e+00
1.743765169843242813e+00
1.745986080892953707e+00
1.748297909196160127e+00
1.750612372948962658e+00
1.752791034673303994e+00
1.755211438870766694e+00
1.757474637565586306e+00
1.759505860566798141e+00
1.761551964511350876e+00
1.763844340956036705e+00
1.766229338091932943e+00
1.768572011925223508e+00
1.770743621995090944e+00
1.772925506879667656e+00
1.775246307133439227e+00
1.777384814041067296e+00
1.779470185392400872e+00
1.781350690737200759e+00
1.783429712811218204e+00
1.785860161562525583e+00
1.788188061912364013e+00
1.790225318001623211e+00
1.792229688983157043e+00
1.794485415318619381e+00
1.796679306360876804e+00
1.798734517631533913e+00
1.800605330816906768e+00
1.802523187959894857e+00
1.804778780864109144e+00
1.807129607681102534e+00
1.809535594369439560e+00
1.811673503298262933e+00
1.813793642627270941e+00
1.816114678451067999e+00
1.818253246302117043e+00
1.820337894244997479e+00
1.822217450917717807e+00
1.824231133568033236e+00
1.826537921071285320e+00
1.828730094210402113e+00
1.830836553013036383e+00
1.832918723676209893e+00
1.835229513967855386e+00
1.837547481282214346e+00
1.839601411111216223e+00
1.841709406887056089e+00
1.843759535988930276e+00
1.845934089176430648e+00
1.848152790252182376e+00
1.850402002342665719e+00
1.852540827863860429e+00
1.854661678777901557e+00
1.856983048946502901e+00
1.859121778221882959e+00
1.861205652646822362e+00
1.863084259821690569e+00
1.865098883569845878e+00
1.867406431323357152e+00
1.869597344615774759e+00
1.871704024462001348e+00
1.873786754038842872e+00
1.876097069676117668e+00
1.878415557250549650e+00
1.880468204939404808e+00
1.882339355263571212e+00
1.884257297819015076e+00
1.886509728588396051e+00
1.888829517650425505e+00
1.891173590795895310e+00
1.893083553764819849e+00
1.895246718413629239e+00
1.897757468862279584e+00
1.899846638353898332e+00
1.901993441415448904e+00
1.903913122342707487e+00
1.905917103921380695e+00
1.908174724571756631e+00
1.910318381783522312e+00
1.912434554572941536e+00
1.914478494662530617e+00
1.916505495289575700e+00
1.918752320262948841e+00
1.920963839446016674e+00
1.922924099997100011e+00
1.924973183067913540e+00
1.927137178418985686e+00
1.929296998061680091e+00
1.931647649630828800e+00
1.933695770178032847e+00
1.935761591907118051e+00
1.938357618365537105e+00
1.940713005690933413e+00
1.942867874804683703e+00
1.944817674481245318e+00
1.946834381252321888e+00
1.949268806696415668e+00
1.951661456069759160e+00
1.953698618793951791e+00
1.955704748057888409e+00
1.957701267282767166e+00
1.959756740674638342e+00
1.962003774681574386e+00
1.963971015472583348e+00
1.965888722144783829e+00
1.968005051650022041e+00
1.970388320134788263e+00
1.972907932179587043e+00
1.974816385703848542e+00
1.976736536803296973e+00
1.979248017932628390e+00
1.981579473436097638e+00
1.983727556662442604e+00
1.985647071552305576e+00
1.987648236458645190e+00
1.989906381534606972e+00
1.992052954895598749e+00
1.994171824675113669e+00
1.996213295246480834e+00
1.998240426553389515e+00
2.000486756168617042e+00
2.002696563926416484e+00
2.004705415021165393e+00
2.006756014285097756e+00
2.009046606082899977e+00
2.011429651283095144e+00
2.013839772698017949e+00
2.016010238405250288e+00
2.018107397770964706e+00
2.020356327485176351e+00
2.022445741478106740e+00
2.024594538268545296e+00
2.026513970649091778e+00
2.028513652486060970e+00
2.030559117174893125e+00
2.032536248433173487e+00
2.034776613520236310e+00
2.036797632953274206e+00
2.038782609203683371e+00
2.041131075738907175e+00
2.043408696876970243e+00
2.045458360625777683e+00
2.047373138226337375e+00
2.049343379848389990e+00
2.051565404402946768e+00
2.053832349282763925e+00
2.055867047661209757e+00
2.057874332518227600e+00
2.060129831502572895e+00
2.062322186153620507e+00
2.064369281588323890e+00
2.066476391443564431e+00
2.068532337702568835e+00
2.070542332523691798e+00
2.072729794584291074e+00
2.075075927582443747e+00
2.076982376089217652e+00
2.078904519749670943e+00
2.081275280940322769e+00
2.083449288696647361e+00
2.085701290241329886e+00
2.087775127858206847e+00
2.089811976041100028e+00
2.091859175492893463e+00
2.094009447394098444e+00
2.096343237653426339e+00
2.098381566611858151e+00
2.100360651896545416e+00
2.102596728556748396e+00
2.104787115315886137e+00
2.106759520698340271e+00
2.108674241430042784e+00
2.110646042508112163e+00
2.112868553271255223e+00
2.115134856393415141e+00
2.117171931820668096e+00
2.119195654752151547e+00
2.121448126682718982e+00
2.123683113276023882e+00
2.126044624615409440e+00
2.128243949844381255e+00
2.130265838392407574e+00
2.132364570313072250e+00
2.134536685353849439e+00
2.136774569277169800e+00
2.138722960041758991e+00
2.140781538110154703e+00
2.143061320424382910e+00
2.145200796518625719e+00
2.147279553267820607e+00
2.149151491638234379e+00
2.151173161423732161e+00
2.153398996664850351e+00
2.155522199890735902e+00
2.157717875653928363e+00
2.159863049948711478e+00
2.161818937494177639e+00
2.163955631828945236e+00
2.166161958466632065e+00
2.168130866990058525e+00
2.170025384921221434e+00
2.172063653815714979e+00
2.174263340225637275e+00
2.176598250965417591e+00
2.178613969785432314e+00
2.180497293175315043e+00
2.182749147871889228e+00
2.184926583206424411e+00
2.186969969939969616e+00
2.188842005777281496e+00
2.190760279756238216e+00
2.192830930015188695e+00
2.194937910755626831e+00
2.197286169466021288e+00
2.199333290458625356e+00
2.201396951708555871e+00
2.203664277646514513e+00
2.205744046248663714e+00
2.207939428345465416e+00
2.209979264638456620e+00
2.211999610679804107e+00
2.214096669275709584e+00
2.216267917433414780e+00
2.218508295875190495e+00
2.220594452353834569e+00
2.222685256877364957e+00
2.225035582216037700e+00
2.227316607279903327e+00
2.229361798177423193e+00
2.231276399001311361e+00
2.233251366372364544e+00
2.235474901357520139e+00
2.237528703852424083e+00
2.239510886672295698e+00
2.241599150513499783e+00
2.243554963451274809e+00
